subjID	offer	missed	accept	response_time	human	ingroup	block_fair	run
sub-106	7	0	1	0.48668	0	0	1	1
sub-106	8	0	1	0.36464	0	0	1	1
sub-106	9	0	1	0.40875	0	0	1	1
sub-106	8	0	1	0.41926	0	0	1	1
sub-106	9	0	1	0.29739	0	0	1	1
sub-106	5	0	0	0.43155	0	0	1	1
sub-106	4	0	0	0.51137	0	0	1	1
sub-106	7	0	1	0.27478	0	0	1	1
sub-106	2	0	0	0.54624	0	0	0	1
sub-106	4	0	0	0.33995	0	0	0	1
sub-106	1	0	0	0.02681	0	0	0	1
sub-106	8	0	1	0.52964	0	0	0	1
sub-106	1	0	0	0.0317700000000001	0	0	0	1
sub-106	6	0	0	0.47249	0	0	0	1
sub-106	2	0	0	0.0329600000000001	0	0	0	1
sub-106	1	0	0	0.33519	0	0	0	1
sub-106	10	0	1	0.29761	0	0	1	2
sub-106	5	0	0	0.23062	0	0	1	2
sub-106	8	0	1	0.4655	0	0	1	2
sub-106	3	0	0	0.03128	0	0	1	2
sub-106	8	0	1	0.1206	0	0	1	2
sub-106	7	0	1	0.49127	0	0	1	2
sub-106	10	0	1	0.49625	0	0	1	2
sub-106	9	0	1	0.30873	0	0	1	2
sub-106	7	0	1	1.01412	0	0	1	2
sub-106	9	0	1	0.29043	0	0	1	2
sub-106	5	0	0	0.33113	0	0	1	2
sub-106	7	0	1	0.20991	0	0	1	2
sub-106	9	0	1	0.72992	0	0	1	2
sub-106	10	0	1	0.03342	0	0	1	2
sub-106	1	0	0	0.31589	0	0	1	2
sub-106	8	0	1	0.35628	0	0	1	2
sub-106	4	0	0	0.5413	0	0	0	2
sub-106	2	0	0	0.02301	0	0	0	2
sub-106	7	0	0	1.3023	0	0	0	2
sub-106	2	0	0	0.26552	0	0	0	2
sub-106	3	0	0	0.0261800000000001	0	0	0	2
sub-106	2	0	0	0.09934	0	0	0	2
sub-106	6	0	0	0.28159	0	0	0	2
sub-106	2	0	0	0.0289299999999999	0	0	0	2
sub-106	2	0	0	0.16523	0	0	0	2
sub-106	10	0	1	0.69445	0	0	0	2
sub-106	1	0	0	0.45478	0	0	0	2
sub-106	1	0	0	0.32531	0	0	0	2
sub-106	1	0	0	0.61759	0	0	0	2
sub-106	1	0	0	0.02362	0	0	0	2
sub-106	6	0	0	0.75257	0	0	0	2
sub-106	4	0	0	0.0173099999999999	0	0	0	2
sub-109	2	0	1	1.1094	0	0	0	1
sub-109	6	0	1	0.4146	0	0	0	1
sub-109	2	0	1	0.5417	0	0	0	1
sub-109	2	0	1	0.55204	0	0	0	1
sub-109	7	0	1	1.27068	0	0	0	1
sub-109	4	0	1	1.63803	0	0	0	1
sub-109	4	0	1	1.4614	0	0	1	1
sub-109	9	0	1	0.15153	0	0	1	1
sub-109	7	0	1	1.22914	0	0	1	1
sub-109	8	0	1	0.54111	0	0	1	1
sub-109	9	0	1	0.49465	0	0	1	1
sub-109	9	0	1	1.67478	0	0	1	1
sub-109	6	0	1	1.00845	0	0	1	1
sub-109	10	0	1	0.70326	0	0	1	2
sub-109	9	0	1	0.83959	0	0	1	2
sub-109	10	0	1	0.59654	0	0	1	2
sub-109	7	0	1	1.08851	0	0	1	2
sub-109	6	0	1	0.11771	0	0	1	2
sub-109	10	0	1	0.49095	0	0	1	2
sub-109	9	0	1	0.40792	0	0	1	2
sub-109	10	0	1	0.26931	0	0	1	2
sub-109	8	0	1	0.68549	0	0	1	2
sub-109	10	0	1	0.22725	0	0	1	2
sub-109	6	0	1	0.66974	0	0	1	2
sub-109	7	0	1	0.0255399999999999	0	0	1	2
sub-109	7	0	1	0.90758	0	0	1	2
sub-109	1	0	1	1.63344	0	0	0	2
sub-109	3	0	1	0.46067	0	0	0	2
sub-109	6	0	1	0.64305	0	0	0	2
sub-109	4	0	1	0.26181	0	0	0	2
sub-109	4	0	1	0.0188900000000001	0	0	0	2
sub-109	9	0	1	1.01892	0	0	0	2
sub-109	2	0	1	0.61932	0	0	0	2
sub-109	4	0	0	1.7197	0	0	0	2
sub-109	3	0	1	0.81948	0	0	0	2
sub-109	2	0	1	1.03162	0	0	0	2
sub-109	1	0	0	0.11661	0	0	0	2
sub-109	3	0	1	0.55716	0	0	0	2
sub-109	5	0	1	0.33258	0	0	0	2
sub-109	8	0	1	1.74822	0	0	0	2
sub-109	1	0	0	0.40292	0	0	0	2
sub-110	7	0	1	0.0517399999999999	0	0	1	1
sub-110	9	0	1	0.0281800000000001	0	0	1	1
sub-110	9	0	1	0.0177700000000001	0	0	1	1
sub-110	9	0	1	0.0262800000000001	0	0	1	1
sub-110	2	0	1	0.03068	0	0	1	1
sub-110	10	0	1	0.0196000000000001	0	0	1	1
sub-110	8	0	1	0.0268900000000001	0	0	1	1
sub-110	6	0	1	0.0325599999999999	0	0	1	1
sub-110	1	0	1	0.0202100000000001	0	0	0	1
sub-110	4	0	0	0.02895	0	0	0	1
sub-110	9	0	1	0.01841	0	0	0	1
sub-110	3	0	1	0.02179	0	0	0	1
sub-110	1	0	0	0.02973	0	0	0	1
sub-110	6	0	1	0.03312	0	0	0	1
sub-110	4	0	0	0.02247	0	0	0	1
sub-110	4	0	0	0.0306500000000001	0	0	0	1
sub-110	3	0	0	0.03311	0	0	0	2
sub-110	5	0	1	0.0242599999999999	0	0	0	2
sub-110	2	0	0	0.0314399999999999	0	0	0	2
sub-110	2	0	0	0.0325800000000001	0	0	0	2
sub-110	4	0	0	0.0256099999999999	0	0	0	2
sub-110	2	0	0	0.03088	0	0	0	2
sub-110	8	0	1	0.0187900000000001	0	0	0	2
sub-110	1	0	0	0.02607	0	0	0	2
sub-110	3	0	1	0.02292	0	0	0	2
sub-110	8	0	1	0.03094	0	0	0	2
sub-110	4	0	0	0.0206500000000001	0	0	0	2
sub-110	5	0	1	0.02908	0	0	0	2
sub-110	1	0	0	0.03209	0	0	0	2
sub-110	1	0	0	0.02044	0	0	0	2
sub-110	4	0	1	0.02722	0	0	0	2
sub-110	1	0	0	0.0332699999999999	0	0	0	2
sub-110	10	0	1	0.01993	0	0	1	2
sub-110	8	0	1	0.0272600000000001	0	0	1	2
sub-110	9	0	1	0.03314	0	0	1	2
sub-110	1	0	0	0.02064	0	0	1	2
sub-110	6	0	1	0.0271699999999999	0	0	1	2
sub-110	7	0	1	0.0173300000000001	0	0	1	2
sub-110	9	0	1	0.02153	0	0	1	2
sub-110	8	0	1	0.02891	0	0	1	2
sub-110	9	0	1	0.02868	0	0	0	2
sub-110	7	0	1	0.0210999999999999	0	0	0	2
sub-110	2	0	0	0.0244	0	0	0	2
sub-110	8	0	1	0.0327500000000001	0	0	0	2
sub-110	9	0	1	0.0228299999999999	0	0	0	2
sub-110	6	0	1	0.07528	0	0	0	2
sub-110	8	0	1	0.0333300000000001	0	0	0	2
sub-110	9	0	1	0.0220800000000001	0	0	0	2
sub-105	8	0	1	0.92652	0	0	1	1
sub-105	6	0	1	0.74851	0	0	1	1
sub-105	9	0	1	0.52338	0	0	1	1
sub-105	8	0	1	0.44987	0	0	1	1
sub-105	2	0	0	0.555	0	0	1	1
sub-105	10	0	1	0.48891	0	0	1	1
sub-105	7	0	1	0.54241	0	0	1	1
sub-105	7	0	1	0.57875	0	0	1	1
sub-105	2	0	0	0.60124	0	0	0	1
sub-105	4	0	0	1.64881	0	0	0	1
sub-105	10	0	1	0.44642	0	0	0	1
sub-105	1	0	0	0.55066	0	0	0	1
sub-105	6	0	1	0.42104	0	0	0	1
sub-105	1	0	0	0.45935	0	0	0	1
sub-105	1	0	0	0.36715	0	0	0	1
sub-105	10	0	1	0.59705	0	0	1	2
sub-105	9	0	1	0.64974	0	0	1	2
sub-105	6	0	1	0.6886	0	0	1	2
sub-105	9	0	1	0.5539	0	0	1	2
sub-105	1	0	0	0.56	0	0	1	2
sub-105	8	0	1	0.6447	0	0	1	2
sub-105	9	0	1	0.64712	0	0	1	2
sub-105	7	0	1	0.64867	0	0	1	2
sub-105	3	0	0	0.94671	0	0	0	2
sub-105	4	0	1	1.24243	0	0	0	2
sub-105	1	0	0	0.38544	0	0	0	2
sub-105	2	0	1	1.10118	0	0	0	2
sub-105	4	0	1	0.48994	0	0	0	2
sub-105	6	0	1	0.45059	0	0	0	2
sub-105	7	0	1	0.48691	0	0	0	2
sub-105	2	0	1	0.52817	0	0	0	2
sub-105	8	0	1	0.6735	0	0	1	2
sub-105	1	0	0	0.44648	0	0	1	2
sub-105	8	0	1	0.4323	0	0	1	2
sub-105	10	0	1	0.49958	0	0	1	2
sub-105	8	0	1	0.65467	0	0	1	2
sub-105	10	0	1	0.4348	0	0	1	2
sub-105	5	0	1	0.41696	0	0	1	2
sub-105	8	0	1	0.4589	0	0	1	2
sub-105	3	0	0	0.54609	0	0	0	2
sub-105	5	0	0	1.48169	0	0	0	2
sub-105	3	0	0	0.39121	0	0	0	2
sub-105	1	0	0	0.45563	0	0	0	2
sub-105	1	0	0	0.45001	0	0	0	2
sub-105	2	0	0	1.30076	0	0	0	2
sub-105	3	0	1	1.30932	0	0	0	2
sub-105	9	0	1	0.43347	0	0	0	2
sub-108	4	0	0	1.06775	0	0	0	1
sub-108	9	0	1	0.51657	0	0	0	1
sub-108	3	0	0	0.51134	0	0	0	1
sub-108	3	0	0	0.37696	0	0	0	1
sub-108	2	0	0	0.40984	0	0	0	1
sub-108	2	0	0	0.39879	0	0	0	1
sub-108	3	0	0	0.41548	0	0	0	1
sub-108	5	0	1	0.40014	0	0	0	1
sub-108	3	0	0	0.67909	0	0	0	1
sub-108	2	0	0	0.53076	0	0	0	1
sub-108	1	0	0	0.39569	0	0	0	1
sub-108	6	0	1	0.49543	0	0	0	1
sub-108	1	0	0	1.56336	0	0	0	1
sub-108	4	0	0	0.74622	0	0	0	1
sub-108	8	0	1	0.3952	0	0	0	1
sub-108	2	0	0	0.36266	0	0	0	1
sub-108	7	0	1	1.23188	0	0	1	1
sub-108	4	0	0	0.34833	0	0	1	1
sub-108	10	0	1	0.83041	0	0	1	1
sub-108	6	0	1	0.37786	0	0	1	1
sub-108	10	0	0	0.02793	0	0	1	1
sub-108	7	0	1	0.39586	0	0	1	1
sub-108	8	0	1	0.54449	0	0	1	1
sub-108	10	0	1	0.02691	0	0	1	1
sub-108	8	0	1	0.10342	0	0	1	1
sub-108	9	0	1	0.02094	0	0	1	1
sub-108	9	0	1	0.03345	0	0	1	1
sub-108	6	0	1	0.08429	0	0	1	1
sub-108	8	0	1	0.01793	0	0	1	1
sub-108	8	0	1	0.03318	0	0	1	1
sub-108	3	0	0	0.0320400000000001	0	0	1	1
sub-108	9	0	1	0.0326299999999999	0	0	1	1
sub-108	1	0	0	0.0255099999999999	0	0	0	2
sub-108	3	0	0	0.0259100000000001	0	0	0	2
sub-108	4	0	0	0.0175799999999999	0	0	0	2
sub-108	3	0	0	0.01694	0	0	0	2
sub-108	4	0	0	0.0208200000000001	0	0	0	2
sub-108	3	0	0	0.0177700000000001	0	0	0	2
sub-108	5	0	1	0.01762	0	0	0	2
sub-108	9	0	1	0.03155	0	0	0	2
sub-108	10	0	1	0.0222100000000001	0	0	1	2
sub-108	8	0	1	0.85649	0	0	1	2
sub-108	10	0	1	0.0324199999999999	0	0	1	2
sub-108	8	0	1	0.0182899999999999	0	0	1	2
sub-108	9	0	1	0.01919	0	0	1	2
sub-108	1	0	0	0.0276099999999999	0	0	1	2
sub-108	9	0	1	0.0254799999999999	0	0	1	2
sub-108	5	0	1	0.03074	0	0	1	2
sub-107	9	0	1	1.41862	0	0	1	1
sub-107	7	0	0	0.30756	0	0	1	1
sub-107	7	0	0	1.3519	0	0	1	1
sub-107	7	0	0	1.33924	0	0	1	1
sub-107	1	0	0	0.34293	0	0	1	1
sub-107	7	0	1	0.7848	0	0	1	1
sub-107	6	0	0	0.32971	0	0	1	1
sub-107	10	0	1	0.31225	0	0	1	1
sub-107	1	0	0	0.31694	0	0	0	1
sub-107	4	0	1	1.69117	0	0	0	1
sub-107	7	0	1	0.3202	0	0	0	1
sub-107	3	0	0	0.33573	0	0	0	1
sub-107	4	0	0	0.84051	0	0	0	1
sub-107	1	0	0	1.1828	0	0	0	1
sub-107	6	0	1	0.25552	0	0	0	1
sub-107	3	0	0	1.3963	0	0	0	1
sub-107	2	0	0	0.66334	0	0	0	1
sub-107	3	0	0	0.8046	0	0	0	1
sub-107	3	0	0	0.36289	0	0	0	1
sub-107	3	0	0	1.43505	0	0	0	1
sub-107	3	0	0	0.38772	0	0	0	1
sub-107	5	0	1	0.33048	0	0	0	1
sub-107	10	0	1	0.3369	0	0	0	1
sub-107	1	0	0	0.55927	0	0	0	1
sub-107	8	0	1	1.67464	0	0	1	1
sub-107	3	0	0	0.76405	0	0	1	1
sub-107	8	0	1	0.28765	0	0	1	1
sub-107	9	0	1	0.29264	0	0	1	1
sub-107	7	0	0	0.231	0	0	1	1
sub-107	7	0	0	0.37271	0	0	1	1
sub-107	8	0	1	0.16918	0	0	1	1
sub-107	5	0	0	0.08535	0	0	1	1
sub-107	1	0	0	0.37125	0	0	1	2
sub-107	7	0	1	0.33002	0	0	1	2
sub-107	9	0	1	0.2698	0	0	1	2
sub-107	7	0	1	0.39191	0	0	1	2
sub-107	10	0	1	0.89935	0	0	1	2
sub-107	10	0	1	0.25321	0	0	1	2
sub-107	7	0	0	1.68556	0	0	1	2
sub-107	6	0	0	0.23184	0	0	1	2
sub-107	6	0	1	1.28703	0	0	0	2
sub-107	9	0	1	0.24886	0	0	0	2
sub-107	1	0	0	0.02332	0	0	0	2
sub-107	4	0	0	0.0277099999999999	0	0	0	2
sub-107	3	0	0	0.96738	0	0	0	2
sub-107	1	0	0	0.39177	0	0	0	2
sub-107	1	0	0	0.71645	0	0	0	2
sub-107	1	0	0	0.33838	0	0	0	2
sub-111	2	0	0	0.33608	0	0	0	1
sub-111	9	0	1	0.16185	0	0	0	1
sub-111	1	0	0	0.19662	0	0	0	1
sub-111	1	0	0	0.02606	0	0	0	1
sub-111	5	0	1	0.15164	0	0	0	1
sub-111	1	0	0	0.0313000000000001	0	0	0	1
sub-111	3	0	0	0.0247999999999999	0	0	0	1
sub-111	4	0	0	0.53257	0	0	0	1
sub-111	10	0	1	2.00178	0	0	1	1
sub-111	8	0	1	0.0170600000000001	0	0	1	1
sub-111	9	0	1	0.02285	0	0	1	1
sub-111	6	0	1	0.0310999999999999	0	0	1	1
sub-111	9	0	1	0.02372	0	0	1	1
sub-111	8	0	1	0.4469	0	0	1	1
sub-111	10	0	1	0.0190300000000001	0	0	1	1
sub-111	4	0	0	0.16294	0	0	1	1
sub-111	5	0	1	1.27591	0	0	1	2
sub-111	8	0	1	0.0313000000000001	0	0	1	2
sub-111	7	0	1	0.02122	0	0	1	2
sub-111	8	0	1	0.0296099999999999	0	0	1	2
sub-111	2	0	0	0.12127	0	0	1	2
sub-111	10	0	1	0.02942	0	0	1	2
sub-111	7	0	1	0.0311699999999999	0	0	1	2
sub-111	9	0	1	0.0269900000000001	0	0	1	2
sub-111	1	0	0	0.0820799999999999	0	0	0	2
sub-111	7	0	1	0.0183	0	0	0	2
sub-111	1	0	0	0.02536	0	0	0	2
sub-111	1	0	0	0.0320199999999999	0	0	0	2
sub-111	2	0	0	0.0245899999999999	0	0	0	2
sub-111	4	0	1	0.01817	0	0	0	2
sub-111	1	0	0	0.0181100000000001	0	0	0	2
sub-111	6	0	1	0.03318	0	0	0	2
sub-111	8	0	1	0.16155	0	0	1	2
sub-111	1	0	0	0.17455	0	0	1	2
sub-111	6	0	1	0.0177400000000001	0	0	1	2
sub-111	8	0	1	0.0166299999999999	0	0	1	2
sub-111	7	0	1	0.0329600000000001	0	0	1	2
sub-111	9	0	1	0.0328999999999999	0	0	1	2
sub-111	8	0	1	0.0240800000000001	0	0	1	2
sub-111	8	0	1	0.03017	0	0	1	2
sub-111	7	0	1	0.6093	0	0	0	2
sub-111	6	0	1	0.02919	0	0	0	2
sub-111	4	0	1	0.10916	0	0	0	2
sub-111	4	0	1	0.01885	0	0	0	2
sub-111	4	0	1	0.0245299999999999	0	0	0	2
sub-111	4	0	1	0.03173	0	0	0	2
sub-111	4	0	1	0.02304	0	0	0	2
sub-111	1	0	0	0.53122	0	0	0	2
sub-112	1	0	1	1.27477	0	0	0	1
sub-112	2	0	1	0.02982	0	0	0	1
sub-112	2	0	1	1.02059	0	0	0	1
sub-112	6	0	1	0.79325	0	0	0	1
sub-112	4	0	1	0.59883	0	0	0	1
sub-112	4	0	1	1.22173	0	0	0	1
sub-112	1	0	0	0.61048	0	0	0	1
sub-112	8	0	1	0.5004	0	0	0	1
sub-112	5	0	1	0.68648	0	0	0	1
sub-112	4	0	1	0.42754	0	0	0	1
sub-112	3	0	1	0.65007	0	0	0	1
sub-112	4	0	1	0.55602	0	0	0	1
sub-112	2	0	0	0.96228	0	0	0	1
sub-112	2	0	0	0.88479	0	0	0	1
sub-112	4	0	1	0.4405	0	0	0	1
sub-112	10	0	1	0.57966	0	0	0	1
sub-112	5	0	1	0.31798	0	0	1	1
sub-112	10	0	1	0.52489	0	0	1	1
sub-112	9	0	1	0.48088	0	0	1	1
sub-112	2	0	0	0.35346	0	0	1	1
sub-112	10	0	1	0.69303	0	0	1	1
sub-112	8	0	1	0.41541	0	0	1	1
sub-112	8	0	1	0.6881	0	0	1	1
sub-112	10	0	1	0.66215	0	0	1	1
sub-112	7	0	1	0.44492	0	0	0	1
sub-112	7	0	1	0.01692	0	0	0	1
sub-112	10	0	1	0.42544	0	0	0	1
sub-112	2	0	0	0.43148	0	0	0	1
sub-112	6	0	1	0.43734	0	0	0	1
sub-112	10	0	1	0.47749	0	0	0	1
sub-112	9	0	1	0.7505	0	0	0	1
sub-112	7	0	1	1.19154	0	0	0	1
sub-112	7	0	1	0.40988	0	0	1	2
sub-112	10	0	1	0.44996	0	0	1	2
sub-112	4	0	1	0.52238	0	0	1	2
sub-112	7	0	1	0.83234	0	0	1	2
sub-112	6	0	1	0.60441	0	0	1	2
sub-112	7	0	1	0.49371	0	0	1	2
sub-112	10	0	1	0.41623	0	0	1	2
sub-112	1	0	0	0.35231	0	0	0	2
sub-112	8	0	1	0.45826	0	0	0	2
sub-112	4	0	1	0.58092	0	0	0	2
sub-112	6	0	1	0.40436	0	0	0	2
sub-112	3	0	1	0.62718	0	0	0	2
sub-112	4	0	1	0.41735	0	0	0	2
sub-112	4	0	1	0.35643	0	0	0	2
sub-112	4	0	1	0.51244	0	0	0	2
sub-113	3	0	0	1.19739	0	0	0	1
sub-113	1	0	0	0.58679	0	0	0	1
sub-113	1	0	0	0.89297	0	0	0	1
sub-113	7	0	0	1.23374	0	0	0	1
sub-113	1	0	0	0.47281	0	0	0	1
sub-113	2	0	0	0.46159	0	0	0	1
sub-113	6	0	0	0.88455	0	0	0	1
sub-113	1	0	0	0.37326	0	0	0	1
sub-113	4	0	0	0.41768	0	0	0	1
sub-113	8	0	1	0.62473	0	0	0	1
sub-113	1	0	0	0.46358	0	0	0	1
sub-113	4	0	0	0.41956	0	0	0	1
sub-113	4	0	0	0.94249	0	0	0	1
sub-113	2	0	0	0.38162	0	0	0	1
sub-113	1	0	0	0.3874	0	0	0	1
sub-113	5	0	1	0.72664	0	0	0	1
sub-113	8	0	1	0.65937	0	0	1	1
sub-113	2	0	0	0.43177	0	0	1	1
sub-113	5	0	1	0.9717	0	0	1	1
sub-113	8	0	1	0.92745	0	0	1	1
sub-113	9	0	1	0.54966	0	0	1	1
sub-113	8	0	1	0.84015	0	0	1	1
sub-113	8	0	1	0.72943	0	0	1	1
sub-113	10	0	1	0.49763	0	0	1	1
sub-113	10	0	1	0.25891	0	0	0	1
sub-113	7	0	1	0.49871	0	0	0	1
sub-113	7	0	1	0.43936	0	0	0	1
sub-113	9	0	1	0.44652	0	0	0	1
sub-113	5	0	0	0.36891	0	0	0	1
sub-113	9	0	1	0.60817	0	0	0	1
sub-113	4	0	0	0.51439	0	0	0	1
sub-113	7	0	1	0.4703	0	0	0	1
sub-113	8	0	1	0.92525	0	0	1	2
sub-113	7	0	1	0.46517	0	0	1	2
sub-113	5	0	0	0.60455	0	0	1	2
sub-113	7	0	1	0.6605	0	0	1	2
sub-113	9	0	1	0.41632	0	0	1	2
sub-113	8	0	1	0.35547	0	0	1	2
sub-113	2	0	0	0.4115	0	0	1	2
sub-113	7	0	1	0.36743	0	0	1	2
sub-113	1	0	0	0.64664	0	0	0	2
sub-113	4	0	0	0.48609	0	0	0	2
sub-113	5	0	0	0.40916	0	0	0	2
sub-113	1	0	0	0.38152	0	0	0	2
sub-113	3	0	0	0.50441	0	0	0	2
sub-113	10	0	1	0.64426	0	0	0	2
sub-113	1	0	0	0.46632	0	0	0	2
sub-113	4	0	0	0.4558	0	0	0	2
sub-115	8	0	1	1.23439	0	0	1	1
sub-115	5	0	1	1.05769	0	0	1	1
sub-115	9	0	1	1.34801	0	0	1	1
sub-115	7	0	0	1.03728	0	0	1	1
sub-115	7	0	0	0.90701	0	0	1	1
sub-115	4	0	0	1.71427	0	0	1	1
sub-115	8	0	1	0.80342	0	0	1	1
sub-115	2	0	0	1.1621	0	0	0	1
sub-115	3	0	1	0.384	0	0	0	1
sub-115	3	0	1	0.44248	0	0	0	1
sub-115	7	0	0	0.51432	0	0	0	1
sub-115	2	0	0	0.45446	0	0	0	1
sub-115	1	0	1	0.49053	0	0	0	1
sub-115	2	0	0	0.34356	0	0	0	1
sub-115	5	0	1	0.60331	0	0	0	1
sub-115	4	0	0	0.58254	0	0	0	2
sub-115	8	0	1	0.57381	0	0	0	2
sub-115	2	0	0	0.63304	0	0	0	2
sub-115	2	0	0	0.34916	0	0	0	2
sub-115	2	0	0	0.02535	0	0	0	2
sub-115	2	0	0	0.36541	0	0	0	2
sub-115	5	0	1	0.48658	0	0	0	2
sub-115	3	0	1	0.5763	0	0	0	2
sub-115	9	0	1	0.4776	0	0	1	2
sub-115	8	0	1	0.4415	0	0	1	2
sub-115	8	0	1	0.64853	0	0	1	2
sub-115	10	0	1	0.38943	0	0	1	2
sub-115	5	0	1	0.47866	0	0	1	2
sub-115	8	0	1	0.38388	0	0	1	2
sub-115	4	0	0	0.35848	0	0	1	2
sub-115	9	0	1	0.47957	0	0	1	2
sub-115	6	0	0	0.71994	0	0	1	2
sub-115	2	0	0	0.39319	0	0	1	2
sub-115	9	0	1	0.49992	0	0	1	2
sub-115	8	0	1	0.62235	0	0	1	2
sub-115	7	0	0	0.39362	0	0	1	2
sub-115	9	0	1	0.46595	0	0	1	2
sub-115	7	0	0	0.40552	0	0	1	2
sub-115	10	0	1	0.44005	0	0	0	2
sub-115	1	0	1	0.92859	0	0	0	2
sub-115	4	0	0	0.4708	0	0	0	2
sub-115	1	0	1	0.3583	0	0	0	2
sub-115	3	0	1	0.44771	0	0	0	2
sub-115	5	0	1	0.48814	0	0	0	2
sub-115	4	0	0	0.37386	0	0	0	2
sub-115	1	0	1	0.69914	0	0	0	2
sub-116	7	0	1	0.92967	0	0	1	1
sub-116	1	0	0	0.96428	0	0	1	1
sub-116	7	0	1	0.33149	0	0	1	1
sub-116	8	0	1	0.31335	0	0	1	1
sub-116	6	0	0	0.52844	0	0	1	1
sub-116	10	0	1	0.34203	0	0	1	1
sub-116	7	0	1	0.32412	0	0	1	1
sub-116	8	0	1	0.3562	0	0	1	1
sub-116	1	0	0	0.39304	0	0	0	1
sub-116	1	0	0	0.31028	0	0	0	1
sub-116	6	0	0	0.35656	0	0	0	1
sub-116	4	0	0	0.30613	0	0	0	1
sub-116	1	0	0	0.33801	0	0	0	1
sub-116	7	0	1	0.40424	0	0	0	1
sub-116	4	0	0	0.33341	0	0	0	1
sub-116	4	0	0	0.33338	0	0	0	1
sub-116	7	0	1	0.55659	0	0	1	2
sub-116	7	0	1	0.32049	0	0	1	2
sub-116	7	0	1	0.33453	0	0	1	2
sub-116	9	0	1	0.33567	0	0	1	2
sub-116	4	0	0	0.43366	0	0	1	2
sub-116	9	0	1	0.32742	0	0	1	2
sub-116	6	0	0	0.47392	0	0	1	2
sub-116	10	0	1	0.34417	0	0	1	2
sub-116	7	0	1	0.54488	0	0	1	2
sub-116	6	0	0	0.3287	0	0	1	2
sub-116	8	0	1	0.34422	0	0	1	2
sub-116	10	0	1	0.35616	0	0	1	2
sub-116	10	0	1	0.30398	0	0	1	2
sub-116	2	0	0	0.43738	0	0	1	2
sub-116	7	0	1	0.54874	0	0	1	2
sub-116	10	0	1	0.23324	0	0	1	2
sub-116	2	0	0	0.65431	0	0	0	2
sub-116	5	0	0	0.30491	0	0	0	2
sub-116	3	0	0	0.30057	0	0	0	2
sub-116	1	0	0	0.39872	0	0	0	2
sub-116	4	0	0	0.30225	0	0	0	2
sub-116	2	0	0	0.33323	0	0	0	2
sub-116	1	0	0	0.34613	0	0	0	2
sub-116	10	0	1	0.65998	0	0	0	2
sub-116	2	0	0	0.35617	0	0	0	2
sub-116	4	0	0	0.40984	0	0	0	2
sub-116	2	0	0	0.33995	0	0	0	2
sub-116	2	0	0	0.37175	0	0	0	2
sub-116	6	0	0	0.35007	0	0	0	2
sub-116	4	0	0	0.32965	0	0	0	2
sub-116	9	0	1	0.36038	0	0	0	2
sub-116	3	0	0	0.30736	0	0	0	2
sub-117	3	0	1	0.48174	0	0	0	1
sub-117	2	0	1	0.63382	0	0	0	1
sub-117	6	0	1	0.36577	0	0	0	1
sub-117	7	0	1	0.44842	0	0	0	1
sub-117	4	0	1	0.41646	0	0	0	1
sub-117	2	0	0	0.74682	0	0	0	1
sub-117	1	0	0	0.34726	0	0	0	1
sub-117	2	0	1	0.39673	0	0	0	1
sub-117	7	0	1	0.0268299999999999	0	0	1	1
sub-117	7	0	1	0.42449	0	0	1	1
sub-117	8	0	1	0.43852	0	0	1	1
sub-117	5	0	1	0.47042	0	0	1	1
sub-117	8	0	1	0.40132	0	0	1	1
sub-117	9	0	1	0.38699	0	0	1	1
sub-117	10	0	1	0.30273	0	0	1	1
sub-117	1	0	0	0.46982	0	0	1	1
sub-117	4	0	1	0.54718	0	0	0	1
sub-117	1	0	0	0.41283	0	0	0	1
sub-117	3	0	1	0.36187	0	0	0	1
sub-117	6	0	1	0.02748	0	0	0	1
sub-117	1	0	0	0.34614	0	0	0	1
sub-117	2	0	1	0.36127	0	0	0	1
sub-117	4	0	1	0.34197	0	0	0	1
sub-117	10	0	1	0.32328	0	0	0	1
sub-117	8	0	1	0.45434	0	0	1	1
sub-117	8	0	1	0.47217	0	0	1	1
sub-117	5	0	1	0.54047	0	0	1	1
sub-117	10	0	1	0.3373	0	0	1	1
sub-117	8	0	1	0.35495	0	0	1	1
sub-117	7	0	1	0.30509	0	0	1	1
sub-117	8	0	1	0.34401	0	0	1	1
sub-117	1	0	0	0.42703	0	0	1	1
sub-117	8	0	1	0.54853	0	0	1	2
sub-117	9	0	1	0.37888	0	0	1	2
sub-117	7	0	1	0.43058	0	0	1	2
sub-117	6	0	1	0.31252	0	0	1	2
sub-117	10	0	1	0.32482	0	0	1	2
sub-117	3	0	1	0.32572	0	0	1	2
sub-117	8	0	1	0.27833	0	0	1	2
sub-117	8	0	1	0.37768	0	0	1	2
sub-117	2	0	1	0.58684	0	0	0	2
sub-117	1	0	0	0.48485	0	0	0	2
sub-117	4	0	1	0.28452	0	0	0	2
sub-117	4	0	1	0.37169	0	0	0	2
sub-117	9	0	1	0.32029	0	0	0	2
sub-117	3	0	1	0.47128	0	0	0	2
sub-117	1	0	0	0.52293	0	0	0	2
sub-117	6	0	1	1.17406	0	0	0	2
sub-118	10	0	1	1.90067	0	0	1	1
sub-118	6	0	1	1.82321	0	0	1	1
sub-118	7	0	1	0.74941	0	0	1	1
sub-118	1	0	0	0.60799	0	0	1	1
sub-118	10	0	1	0.4755	0	0	1	1
sub-118	8	0	0	1.75303	0	0	1	1
sub-118	8	0	1	0.65543	0	0	1	1
sub-118	7	0	0	0.68874	0	0	1	1
sub-118	7	0	0	0.85234	0	0	0	1
sub-118	1	0	0	0.57814	0	0	0	1
sub-118	3	0	0	0.81281	0	0	0	1
sub-118	5	0	0	0.40834	0	0	0	1
sub-118	2	0	0	0.31093	0	0	0	1
sub-118	2	0	1	0.27423	0	0	0	1
sub-118	2	0	1	0.36111	0	0	0	1
sub-118	3	0	1	0.32818	0	0	0	1
sub-118	7	0	1	1.01865	0	0	1	2
sub-118	5	0	1	0.39435	0	0	1	2
sub-118	1	0	1	0.32816	0	0	1	2
sub-118	9	0	1	0.53088	0	0	1	2
sub-118	10	0	1	0.33836	0	0	1	2
sub-118	7	0	1	0.35297	0	0	1	2
sub-118	10	0	1	0.37318	0	0	1	2
sub-118	10	0	1	0.34577	0	0	1	2
sub-118	4	0	0	0.6541	0	0	0	2
sub-118	5	0	1	0.43643	0	0	0	2
sub-118	2	0	1	0.0323800000000001	0	0	0	2
sub-118	1	0	1	0.4195	0	0	0	2
sub-118	2	0	1	0.46734	0	0	0	2
sub-118	3	0	1	0.40299	0	0	0	2
sub-118	4	0	1	0.3482	0	0	0	2
sub-118	10	0	1	0.3726	0	0	0	2
sub-118	7	0	1	0.41431	0	0	1	2
sub-118	4	0	1	0.02996	0	0	1	2
sub-118	9	0	1	0.11471	0	0	1	2
sub-118	7	0	1	0.31923	0	0	1	2
sub-118	5	0	1	0.34719	0	0	1	2
sub-118	10	0	1	0.48567	0	0	1	2
sub-118	8	0	1	0.87282	0	0	1	2
sub-118	7	0	1	0.32036	0	0	1	2
sub-118	3	0	1	0.20226	0	0	0	2
sub-118	4	0	1	0.0240899999999999	0	0	0	2
sub-118	3	0	1	0.32266	0	0	0	2
sub-118	3	0	1	0.30254	0	0	0	2
sub-118	9	0	1	0.25165	0	0	0	2
sub-118	1	0	1	0.55166	0	0	0	2
sub-118	6	0	1	0.0199400000000001	0	0	0	2
sub-118	1	0	0	0.02346	0	0	0	2
sub-120	7	0	1	0.24423	0	0	1	1
sub-120	10	0	1	0.0676699999999999	0	0	1	1
sub-120	6	0	0	0.02407	0	0	1	1
sub-120	7	0	0	0.02997	0	0	1	1
sub-120	10	0	1	0.18631	0	0	1	1
sub-120	3	0	0	0.25899	0	0	1	1
sub-120	7	0	1	0.13157	0	0	1	1
sub-120	8	0	1	0.33748	0	0	1	1
sub-120	9	0	1	0.03315	0	0	0	1
sub-120	5	0	1	0.29454	0	0	0	1
sub-120	4	0	0	0.18359	0	0	0	1
sub-120	4	0	0	0.0227299999999999	0	0	0	1
sub-120	4	0	0	0.26218	0	0	0	1
sub-120	4	0	0	0.30158	0	0	0	1
sub-120	1	0	0	0.42414	0	0	0	1
sub-120	2	0	0	0.28106	0	0	0	1
sub-120	5	0	1	0.3354	0	0	0	1
sub-120	10	0	1	0.6093	0	0	0	1
sub-120	4	0	0	0.03087	0	0	0	1
sub-120	3	0	0	0.02128	0	0	0	1
sub-120	1	0	0	0.34433	0	0	0	1
sub-120	2	0	0	0.01738	0	0	0	1
sub-120	1	0	0	0.3415	0	0	0	1
sub-120	3	0	0	0.83096	0	0	0	1
sub-120	7	0	1	0.03044	0	0	0	1
sub-120	6	0	1	0.0198700000000001	0	0	0	1
sub-120	10	0	1	0.20932	0	0	0	1
sub-120	2	0	0	0.28228	0	0	0	1
sub-120	8	0	1	0.0220400000000001	0	0	0	1
sub-120	9	0	1	0.0280800000000001	0	0	0	1
sub-120	10	0	1	0.01718	0	0	0	1
sub-120	7	0	1	0.02424	0	0	0	1
sub-120	10	0	1	0.0265299999999999	0	0	1	2
sub-120	5	0	1	0.21706	0	0	1	2
sub-120	10	0	0	0.02267	0	0	1	2
sub-120	9	0	1	0.0285899999999999	0	0	1	2
sub-120	3	0	0	0.01789	0	0	1	2
sub-120	10	0	1	0.19182	0	0	1	2
sub-120	10	0	1	0.0304899999999999	0	0	1	2
sub-120	7	0	1	0.01996	0	0	1	2
sub-120	3	0	0	0.03051	0	0	0	2
sub-120	2	0	0	0.38888	0	0	0	2
sub-120	6	0	1	0.0276000000000001	0	0	0	2
sub-120	10	0	1	0.01691	0	0	0	2
sub-120	1	0	0	0.02389	0	0	0	2
sub-120	1	0	0	0.02979	0	0	0	2
sub-120	4	0	0	0.01909	0	0	0	2
sub-120	2	0	0	0.0249999999999999	0	0	0	2
sub-121	10	0	1	1.18822	0	0	1	1
sub-121	8	0	1	1.04931	0	0	1	1
sub-121	7	0	0	0.45751	0	0	1	1
sub-121	8	0	1	1.29801	0	0	1	1
sub-121	5	0	0	0.44592	0	0	1	1
sub-121	9	0	1	0.65999	0	0	1	1
sub-121	3	0	0	0.59605	0	0	1	1
sub-121	8	0	1	0.92944	0	0	1	1
sub-121	3	0	0	0.4774	0	0	0	1
sub-121	3	0	0	0.41488	0	0	0	1
sub-121	6	0	0	0.57994	0	0	0	1
sub-121	2	0	0	0.4614	0	0	0	1
sub-121	7	0	1	0.42693	0	0	0	1
sub-121	2	0	0	0.30607	0	0	0	1
sub-121	3	0	0	0.39166	0	0	0	1
sub-121	2	0	0	0.38609	0	0	0	1
sub-121	7	0	1	0.59822	0	0	1	1
sub-121	9	0	1	0.3305	0	0	1	1
sub-121	8	0	1	0.44765	0	0	1	1
sub-121	7	0	1	0.40584	0	0	1	1
sub-121	7	0	1	0.45421	0	0	1	1
sub-121	8	0	1	0.45445	0	0	1	1
sub-121	5	0	1	0.40996	0	0	1	1
sub-121	2	0	0	0.44201	0	0	1	1
sub-121	5	0	1	0.91499	0	0	0	1
sub-121	1	0	0	0.381	0	0	0	1
sub-121	2	0	0	1.01309	0	0	0	1
sub-121	4	0	0	0.36048	0	0	0	1
sub-121	2	0	0	0.0255399999999999	0	0	0	1
sub-121	7	0	1	0.39264	0	0	0	1
sub-121	2	0	0	0.38352	0	0	0	1
sub-121	1	0	0	1.0312	0	0	0	1
sub-121	1	0	0	0.02718	0	0	0	2
sub-121	1	0	0	0.0204299999999999	0	0	0	2
sub-121	2	0	0	0.0171699999999999	0	0	0	2
sub-121	3	0	0	0.08498	0	0	0	2
sub-121	4	0	1	0.35092	0	0	0	2
sub-121	4	0	1	0.33135	0	0	0	2
sub-121	9	0	1	0.2813	0	0	0	2
sub-121	6	0	1	0.2114	0	0	0	2
sub-121	5	0	1	0.37951	0	0	0	2
sub-121	7	0	1	0.0216799999999999	0	0	0	2
sub-121	8	0	1	0.0184200000000001	0	0	0	2
sub-121	7	0	1	0.0211699999999999	0	0	0	2
sub-121	8	0	1	0.02176	0	0	0	2
sub-121	8	0	1	0.0196499999999999	0	0	0	2
sub-121	3	0	1	1.02021	0	0	0	2
sub-121	7	0	1	0.40133	0	0	0	2
sub-122	10	0	1	0.70434	0	0	1	1
sub-122	9	0	1	0.51281	0	0	1	1
sub-122	9	0	1	0.66894	0	0	1	1
sub-122	9	0	1	0.71225	0	0	1	1
sub-122	3	0	1	0.65189	0	0	1	1
sub-122	10	0	1	0.55896	0	0	1	1
sub-122	9	0	1	0.75121	0	0	1	1
sub-122	6	0	1	0.68656	0	0	1	1
sub-122	4	0	1	0.68321	0	0	0	1
sub-122	8	0	1	0.50602	0	0	0	1
sub-122	4	0	1	1.06667	0	0	0	1
sub-122	5	0	1	0.80109	0	0	0	1
sub-122	3	0	1	0.8405	0	0	0	1
sub-122	1	0	1	0.7114	0	0	0	1
sub-122	1	0	1	0.47061	0	0	0	1
sub-122	1	0	1	0.57804	0	0	0	1
sub-122	6	0	1	0.57401	0	0	1	1
sub-122	10	0	1	0.75092	0	0	1	1
sub-122	1	0	1	1.05964	0	0	1	1
sub-122	10	0	1	0.51441	0	0	1	1
sub-122	10	0	1	0.63988	0	0	1	1
sub-122	8	0	1	0.62024	0	0	1	1
sub-122	8	0	1	1.0347	0	0	1	1
sub-122	8	0	1	0.69278	0	0	1	1
sub-122	7	0	1	0.67736	0	0	0	1
sub-122	2	0	1	1.06812	0	0	0	1
sub-122	3	0	1	0.67611	0	0	0	1
sub-122	3	0	0	0.47782	0	0	0	1
sub-122	3	0	0	0.44019	0	0	0	1
sub-122	1	0	0	0.41523	0	0	0	1
sub-122	1	0	1	1.43614	0	0	0	1
sub-122	5	0	1	1.09042	0	0	0	1
sub-122	4	0	1	0.82952	0	0	0	2
sub-122	4	0	1	0.53337	0	0	0	2
sub-122	1	0	1	0.58593	0	0	0	2
sub-122	1	0	1	0.64345	0	0	0	2
sub-122	6	0	1	0.68404	0	0	0	2
sub-122	2	0	1	0.79026	0	0	0	2
sub-122	2	0	1	0.63162	0	0	0	2
sub-122	9	0	1	0.48776	0	0	0	2
sub-122	9	0	1	0.44391	0	0	1	2
sub-122	8	0	1	0.38645	0	0	1	2
sub-122	7	0	1	0.42322	0	0	1	2
sub-122	1	0	0	0.58445	0	0	1	2
sub-122	9	0	1	0.77289	0	0	1	2
sub-122	6	0	1	0.51735	0	0	1	2
sub-122	8	0	1	0.75818	0	0	1	2
sub-122	10	0	1	0.44043	0	0	1	2
sub-124	7	0	1	0.40018	0	0	0	1
sub-124	3	0	1	0.42345	0	0	0	1
sub-124	3	0	1	0.34684	0	0	0	1
sub-124	5	0	1	0.31986	0	0	0	1
sub-124	1	0	1	0.36015	0	0	0	1
sub-124	1	0	1	0.41459	0	0	0	1
sub-124	2	0	1	0.52179	0	0	0	1
sub-124	5	0	1	0.55884	0	0	1	1
sub-124	10	0	1	0.66487	0	0	1	1
sub-124	3	0	1	0.53562	0	0	1	1
sub-124	10	0	1	0.54228	0	0	1	1
sub-124	7	0	1	0.03006	0	0	1	1
sub-124	8	0	1	0.47244	0	0	1	1
sub-124	9	0	1	0.72824	0	0	1	1
sub-124	9	0	1	0.36695	0	0	1	1
sub-124	9	0	1	0.73774	0	0	1	1
sub-124	5	0	1	0.43029	0	0	1	1
sub-124	7	0	1	0.11869	0	0	1	1
sub-124	9	0	1	0.47401	0	0	1	1
sub-124	8	0	1	0.71511	0	0	1	1
sub-124	7	0	1	0.70505	0	0	1	1
sub-124	8	0	1	0.52417	0	0	1	1
sub-124	3	0	1	0.29775	0	0	1	1
sub-124	3	0	1	0.64366	0	0	0	1
sub-124	1	0	0	0.6504	0	0	0	1
sub-124	4	0	1	0.0221499999999999	0	0	0	1
sub-124	1	0	0	0.02966	0	0	0	1
sub-124	5	0	1	0.36851	0	0	0	1
sub-124	2	0	1	0.44276	0	0	0	1
sub-124	2	0	1	0.39662	0	0	0	1
sub-124	7	0	1	0.50621	0	0	0	1
sub-124	2	0	1	1.47464	0	0	0	2
sub-124	5	0	1	0.61337	0	0	0	2
sub-124	2	0	1	0.0194799999999999	0	0	0	2
sub-124	9	0	1	0.3269	0	0	0	2
sub-124	1	0	0	0.51628	0	0	0	2
sub-124	1	0	0	0.0226299999999999	0	0	0	2
sub-124	4	0	1	0.39281	0	0	0	2
sub-124	2	0	1	0.41896	0	0	0	2
sub-124	10	0	1	0.43631	0	0	1	2
sub-124	9	0	1	0.59552	0	0	1	2
sub-124	7	0	1	0.31695	0	0	1	2
sub-124	5	0	1	0.45495	0	0	1	2
sub-124	7	0	1	0.31239	0	0	1	2
sub-124	2	0	1	0.28419	0	0	1	2
sub-124	7	0	1	0.10786	0	0	1	2
sub-124	7	0	1	0.56459	0	0	1	2
sub-125	5	0	1	1.26308	0	0	0	1
sub-125	3	0	0	0.35238	0	0	0	1
sub-125	10	0	1	0.46901	0	0	0	1
sub-125	2	0	0	0.42122	0	0	0	1
sub-125	3	0	0	0.58796	0	0	0	1
sub-125	4	0	0	0.71752	0	0	0	1
sub-125	1	0	0	0.51583	0	0	0	1
sub-125	1	0	0	0.89954	0	0	0	1
sub-125	9	0	1	0.77569	0	0	1	1
sub-125	7	0	1	0.57486	0	0	1	1
sub-125	8	0	1	0.60657	0	0	1	1
sub-125	1	0	0	0.60514	0	0	1	1
sub-125	8	0	0	0.60025	0	0	1	1
sub-125	6	0	1	1.13386	0	0	1	1
sub-125	8	0	1	0.50033	0	0	1	1
sub-125	9	0	1	0.59986	0	0	1	1
sub-125	7	0	1	0.54213	0	0	1	1
sub-125	7	0	1	0.45833	0	0	1	1
sub-125	8	0	1	0.52511	0	0	1	1
sub-125	7	0	1	0.40509	0	0	1	1
sub-125	6	0	1	0.55658	0	0	1	1
sub-125	7	0	1	0.44135	0	0	1	1
sub-125	8	0	1	0.45752	0	0	1	1
sub-125	4	0	1	0.44151	0	0	1	1
sub-125	9	0	1	0.44506	0	0	0	1
sub-125	1	0	0	0.6639	0	0	0	1
sub-125	5	0	1	0.84854	0	0	0	1
sub-125	2	0	0	0.48276	0	0	0	1
sub-125	4	0	0	0.81545	0	0	0	1
sub-125	3	0	0	0.61654	0	0	0	1
sub-125	2	0	0	0.73296	0	0	0	1
sub-125	1	0	0	0.53232	0	0	0	1
sub-125	2	0	0	0.78393	0	0	0	2
sub-125	2	0	0	0.68441	0	0	0	2
sub-125	6	0	1	1.0355	0	0	0	2
sub-125	1	0	0	0.52941	0	0	0	2
sub-125	3	0	1	0.69557	0	0	0	2
sub-125	9	0	0	0.96269	0	0	0	2
sub-125	1	0	0	0.89532	0	0	0	2
sub-125	4	0	0	1.04585	0	0	0	2
sub-125	7	0	1	0.68448	0	0	1	2
sub-125	7	0	1	0.73425	0	0	1	2
sub-125	7	0	1	0.7986	0	0	1	2
sub-125	6	0	1	0.66053	0	0	1	2
sub-125	7	0	1	1.04316	0	0	1	2
sub-125	4	0	0	0.54371	0	0	1	2
sub-125	7	0	1	0.60927	0	0	1	2
sub-125	9	0	1	0.62802	0	0	1	2
sub-127	3	0	0	1.52151	0	0	0	1
sub-127	4	0	0	1.00903	0	0	0	1
sub-127	2	0	0	0.68264	0	0	0	1
sub-127	10	0	1	0.5716	0	0	0	1
sub-127	1	0	0	0.0271399999999999	0	0	0	1
sub-127	1	0	0	0.6836	0	0	0	1
sub-127	2	0	0	0.47287	0	0	0	1
sub-127	10	0	1	0.4766	0	0	1	1
sub-127	6	0	0	0.66744	0	0	1	1
sub-127	8	0	1	0.57285	0	0	1	1
sub-127	1	0	0	0.52869	0	0	1	1
sub-127	9	0	1	0.48462	0	0	1	1
sub-127	8	0	1	0.54153	0	0	1	1
sub-127	7	0	0	1.01465	0	0	1	1
sub-127	8	0	1	0.537	0	0	1	1
sub-127	9	0	1	0.42231	0	0	1	1
sub-127	10	0	1	0.44711	0	0	1	1
sub-127	7	0	0	0.63643	0	0	1	1
sub-127	4	0	0	0.60899	0	0	1	1
sub-127	8	0	1	0.44843	0	0	1	1
sub-127	7	0	0	0.4875	0	0	1	1
sub-127	8	0	1	0.47683	0	0	1	1
sub-127	5	0	0	0.36597	0	0	1	1
sub-127	4	0	0	0.47083	0	0	0	1
sub-127	4	0	0	0.42858	0	0	0	1
sub-127	2	0	0	0.48445	0	0	0	1
sub-127	2	0	0	0.47478	0	0	0	1
sub-127	10	0	1	0.4973	0	0	0	1
sub-127	5	0	0	0.45325	0	0	0	1
sub-127	4	0	0	0.41023	0	0	0	1
sub-127	3	0	0	0.4328	0	0	0	1
sub-127	4	0	0	0.79961	0	0	0	2
sub-127	8	0	1	0.42518	0	0	0	2
sub-127	3	0	0	0.0302	0	0	0	2
sub-127	3	0	0	0.0194799999999999	0	0	0	2
sub-127	5	0	0	0.1254	0	0	0	2
sub-127	2	0	0	0.21615	0	0	0	2
sub-127	4	0	0	0.0217400000000001	0	0	0	2
sub-127	4	0	0	0.02739	0	0	0	2
sub-127	10	0	1	0.0231600000000001	0	0	0	2
sub-127	2	0	0	0.02908	0	0	0	2
sub-127	8	0	1	0.0184200000000001	0	0	0	2
sub-127	8	0	1	0.37455	0	0	0	2
sub-127	7	0	0	0.36391	0	0	0	2
sub-127	10	0	1	0.01928	0	0	0	2
sub-127	10	0	1	0.0251600000000001	0	0	0	2
sub-127	6	0	0	0.14829	0	0	0	2
sub-128	4	0	0	0.70915	0	0	0	1
sub-128	1	0	0	0.0322199999999999	0	0	0	1
sub-128	9	0	0	0.15699	0	0	0	1
sub-128	2	0	0	0.03016	0	0	0	1
sub-128	1	0	0	0.0194399999999999	0	0	0	1
sub-128	1	0	0	0.0252600000000001	0	0	0	1
sub-128	1	0	0	0.03138	0	0	0	1
sub-128	5	0	0	0.0722400000000001	0	0	0	1
sub-128	3	0	0	0.0970200000000001	0	0	0	1
sub-128	5	0	0	0.02013	0	0	0	1
sub-128	4	0	0	0.026	0	0	0	1
sub-128	1	0	0	0.0317400000000001	0	0	0	1
sub-128	3	0	0	0.0222899999999999	0	0	0	1
sub-128	1	0	0	0.0282899999999999	0	0	0	1
sub-128	9	0	0	0.21773	0	0	0	1
sub-128	1	0	0	0.0234000000000001	0	0	0	1
sub-128	8	0	0	0.17296	0	0	1	1
sub-128	2	0	0	0.0295399999999999	0	0	1	1
sub-128	9	0	0	0.01891	0	0	1	1
sub-128	5	0	0	0.0247599999999999	0	0	1	1
sub-128	8	0	0	0.03037	0	0	1	1
sub-128	9	0	0	0.0200800000000001	0	0	1	1
sub-128	9	0	0	0.02593	0	0	1	1
sub-128	10	0	1	0.0315099999999999	0	0	1	1
sub-128	7	0	0	0.34627	0	0	1	1
sub-128	10	0	1	0.0190300000000001	0	0	1	1
sub-128	6	0	0	0.02477	0	0	1	1
sub-128	8	0	0	0.03087	0	0	1	1
sub-128	8	0	0	0.0212399999999999	0	0	1	1
sub-128	2	0	0	0.02704	0	0	1	1
sub-128	7	0	0	0.0329600000000001	0	0	1	1
sub-128	8	0	0	0.0236700000000001	0	0	1	1
sub-128	7	0	0	0.0314700000000001	0	0	1	2
sub-128	8	0	0	0.0222599999999999	0	0	1	2
sub-128	2	0	0	0.0282800000000001	0	0	1	2
sub-128	8	0	0	0.01756	0	0	1	2
sub-128	10	0	1	0.0244	0	0	1	2
sub-128	6	0	0	0.0304	0	0	1	2
sub-128	9	0	0	0.83	0	0	1	2
sub-128	8	0	0	0.0193300000000001	0	0	1	2
sub-128	4	0	0	1.85203	0	0	0	2
sub-128	2	0	0	0.0229299999999999	0	0	0	2
sub-128	2	0	0	0.02976	0	0	0	2
sub-128	4	0	0	0.01956	0	0	0	2
sub-128	2	0	0	0.02488	0	0	0	2
sub-128	7	0	0	0.0307999999999999	0	0	0	2
sub-128	2	0	0	0.0202599999999999	0	0	0	2
sub-128	6	0	0	0.02633	0	0	0	2
sub-129	9	0	1	0.80538	0	0	1	1
sub-129	9	0	1	0.67801	0	0	1	1
sub-129	7	0	1	0.71723	0	0	1	1
sub-129	9	0	1	0.13934	0	0	1	1
sub-129	1	0	0	0.76214	0	0	1	1
sub-129	6	0	0	0.80158	0	0	1	1
sub-129	10	0	1	0.14036	0	0	1	1
sub-129	1	0	0	0.16206	0	0	0	1
sub-129	4	0	0	0.36911	0	0	0	1
sub-129	5	0	1	0.22496	0	0	0	1
sub-129	2	0	0	0.0300499999999999	0	0	0	1
sub-129	3	0	0	0.20324	0	0	0	1
sub-129	2	0	0	0.21031	0	0	0	1
sub-129	9	0	1	0.03244	0	0	0	1
sub-129	1	0	0	0.07298	0	0	0	1
sub-129	4	0	1	0.55245	0	0	1	1
sub-129	10	0	1	0.02433	0	0	1	1
sub-129	9	0	1	0.0298499999999999	0	0	1	1
sub-129	6	0	1	0.01993	0	0	1	1
sub-129	8	0	1	0.0253699999999999	0	0	1	1
sub-129	7	0	1	0.03132	0	0	1	1
sub-129	10	0	1	0.0214700000000001	0	0	1	1
sub-129	8	0	1	0.03237	0	0	1	1
sub-129	6	0	1	0.33199	0	0	0	1
sub-129	1	0	0	0.0387999999999999	0	0	0	1
sub-129	2	0	0	0.0275099999999999	0	0	0	1
sub-129	1	0	0	0.01692	0	0	0	1
sub-129	2	0	0	0.02386	0	0	0	1
sub-129	2	0	0	0.0298400000000001	0	0	0	1
sub-129	10	0	1	0.0187299999999999	0	0	0	1
sub-129	3	0	0	0.0248900000000001	0	0	0	1
sub-129	1	0	0	0.12559	0	0	0	2
sub-129	4	0	0	0.0328900000000001	0	0	0	2
sub-129	3	0	0	0.0233699999999999	0	0	0	2
sub-129	10	0	1	0.02902	0	0	0	2
sub-129	1	0	0	0.0189600000000001	0	0	0	2
sub-129	5	0	1	0.0243599999999999	0	0	0	2
sub-129	1	0	0	0.03037	0	0	0	2
sub-129	3	0	0	0.01953	0	0	0	2
sub-129	9	0	1	0.02041	0	0	1	2
sub-129	1	0	0	0.0274300000000001	0	0	1	2
sub-129	10	0	1	0.0169999999999999	0	0	1	2
sub-129	9	0	1	0.02403	0	0	1	2
sub-129	9	0	1	0.02966	0	0	1	2
sub-129	9	0	1	0.01915	0	0	1	2
sub-129	6	0	1	0.0247299999999999	0	0	1	2
sub-129	9	0	1	0.0308299999999999	0	0	1	2
sub-131	10	0	1	1.56722	0	0	1	1
sub-131	2	0	1	0.70624	0	0	1	1
sub-131	9	0	1	0.82947	0	0	1	1
sub-131	7	0	1	1.02002	0	0	1	1
sub-131	10	0	1	0.50617	0	0	1	1
sub-131	7	0	1	0.60965	0	0	1	1
sub-131	5	0	1	0.81729	0	0	1	1
sub-131	4	0	1	1.52134	0	0	0	1
sub-131	5	0	1	0.61103	0	0	0	1
sub-131	1	0	0	1.05147	0	0	0	1
sub-131	3	0	1	0.55689	0	0	0	1
sub-131	4	0	1	0.5134	0	0	0	1
sub-131	8	0	0	0.71783	0	0	0	1
sub-131	1	0	0	1.30905	0	0	0	1
sub-131	2	0	0	0.49599	0	0	0	1
sub-131	5	0	1	0.68986	0	0	1	1
sub-131	10	0	1	0.48042	0	0	1	1
sub-131	10	0	1	0.28767	0	0	1	1
sub-131	9	0	1	0.57738	0	0	1	1
sub-131	7	0	1	0.48426	0	0	1	1
sub-131	9	0	1	0.0210699999999999	0	0	1	1
sub-131	9	0	1	0.49593	0	0	1	1
sub-131	3	0	1	1.58593	0	0	0	1
sub-131	8	0	1	0.54395	0	0	0	1
sub-131	1	0	1	0.63429	0	0	0	1
sub-131	2	0	1	0.72106	0	0	0	1
sub-131	6	0	1	0.59427	0	0	0	1
sub-131	4	0	1	0.0177400000000001	0	0	0	1
sub-131	3	0	1	0.47201	0	0	0	1
sub-131	2	0	1	0.44698	0	0	0	1
sub-131	8	0	1	0.68698	0	0	1	2
sub-131	2	0	1	0.4768	0	0	1	2
sub-131	7	0	1	0.20067	0	0	1	2
sub-131	8	0	1	0.52411	0	0	1	2
sub-131	9	0	1	0.746	0	0	1	2
sub-131	10	0	1	0.55182	0	0	1	2
sub-131	5	0	1	0.57099	0	0	1	2
sub-131	8	0	1	0.02735	0	0	1	2
sub-131	2	0	1	1.22556	0	0	0	2
sub-131	2	0	1	0.56385	0	0	0	2
sub-131	7	0	1	0.0185599999999999	0	0	0	2
sub-131	1	0	1	0.305	0	0	0	2
sub-131	1	0	1	0.0305599999999999	0	0	0	2
sub-131	3	0	1	0.0200499999999999	0	0	0	2
sub-131	5	0	1	0.99356	0	0	0	2
sub-131	2	0	1	0.43243	0	0	0	2
sub-134	8	0	1	0.90101	0	0	1	1
sub-134	10	0	1	0.0244	0	0	1	1
sub-134	4	0	1	0.09788	0	0	1	1
sub-134	6	0	1	0.0201800000000001	0	0	1	1
sub-134	7	0	1	0.17704	0	0	1	1
sub-134	7	0	1	0.03223	0	0	1	1
sub-134	9	0	1	0.85644	0	0	1	1
sub-134	9	0	1	0.028	0	0	1	1
sub-134	3	0	1	0.35111	0	0	0	1
sub-134	5	0	1	0.0238400000000001	0	0	0	1
sub-134	4	0	1	0.0302199999999999	0	0	0	1
sub-134	10	0	1	0.0187200000000001	0	0	0	1
sub-134	3	0	1	0.64204	0	0	0	1
sub-134	3	0	1	0.03159	0	0	0	1
sub-134	4	0	1	0.0219100000000001	0	0	0	1
sub-134	3	0	1	0.0279100000000001	0	0	0	1
sub-134	7	0	1	0.0227200000000001	0	0	1	1
sub-134	5	0	1	0.02921	0	0	1	1
sub-134	7	0	1	0.0185299999999999	0	0	1	1
sub-134	3	0	1	0.0243800000000001	0	0	1	1
sub-134	9	0	1	0.0302	0	0	1	1
sub-134	8	0	1	0.40347	0	0	1	1
sub-134	7	0	1	0.0253099999999999	0	0	1	1
sub-134	6	0	0	0.79231	0	0	0	1
sub-134	2	0	1	0.21434	0	0	0	1
sub-134	3	0	1	0.0201499999999999	0	0	0	1
sub-134	4	0	1	0.0257000000000001	0	0	0	1
sub-134	4	0	1	0.03169	0	0	0	1
sub-134	3	0	1	0.02206	0	0	0	1
sub-134	7	0	1	0.04491	0	0	0	1
sub-134	4	0	1	0.01736	0	0	0	1
sub-134	1	0	1	0.14872	0	0	0	2
sub-134	1	0	0	0.20485	0	0	0	2
sub-134	1	0	0	0.0277799999999999	0	0	0	2
sub-134	4	0	1	0.01719	0	0	0	2
sub-134	4	0	1	0.02562	0	0	0	2
sub-134	6	0	1	0.0300199999999999	0	0	0	2
sub-134	10	0	1	0.01938	0	0	0	2
sub-134	9	0	1	0.19277	0	0	1	2
sub-134	4	0	1	0.03199	0	0	1	2
sub-134	8	0	1	0.0223500000000001	0	0	1	2
sub-134	10	0	1	0.02824	0	0	1	2
sub-134	10	0	1	0.01756	0	0	1	2
sub-134	10	0	1	0.02441	0	0	1	2
sub-134	10	0	1	0.0309699999999999	0	0	1	2
sub-134	5	0	1	0.0367299999999999	0	0	1	2
sub-135	1	0	0	0.54451	0	0	1	1
sub-135	7	0	1	0.61725	0	0	1	1
sub-135	9	0	1	0.58988	0	0	1	1
sub-135	9	0	1	0.61261	0	0	1	1
sub-135	10	0	1	0.0176000000000001	0	0	1	1
sub-135	5	0	0	0.3418	0	0	1	1
sub-135	8	0	0	0.24761	0	0	1	1
sub-135	3	0	0	0.35876	0	0	0	1
sub-135	6	0	0	0.79001	0	0	0	1
sub-135	3	0	0	0.62931	0	0	0	1
sub-135	3	0	0	0.79944	0	0	0	1
sub-135	7	0	0	0.0223199999999999	0	0	0	1
sub-135	5	0	0	0.0181	0	0	1	1
sub-135	3	0	0	0.0237000000000001	0	0	1	1
sub-135	9	0	0	0.0297400000000001	0	0	1	1
sub-135	7	0	0	0.01911	0	0	1	1
sub-135	10	0	0	0.27529	0	0	1	1
sub-135	10	0	1	0.398	0	0	1	1
sub-135	7	0	0	0.0199400000000001	0	0	1	1
sub-135	9	0	0	0.0259499999999999	0	0	1	1
sub-135	2	0	0	0.19736	0	0	0	1
sub-135	4	0	0	0.02044	0	0	0	1
sub-135	1	0	0	0.02626	0	0	0	1
sub-135	6	0	0	0.0322199999999999	0	0	0	1
sub-135	3	0	0	0.0225900000000001	0	0	0	1
sub-135	3	0	0	0.02824	0	0	0	1
sub-135	8	0	0	0.03294	0	0	0	1
sub-135	3	0	0	0.02481	0	0	0	1
sub-135	10	0	1	0.02972	0	0	1	2
sub-135	6	0	0	0.2197	0	0	1	2
sub-135	9	0	0	0.0266999999999999	0	0	1	2
sub-135	10	0	1	0.0325500000000001	0	0	1	2
sub-135	9	0	0	0.49704	0	0	1	2
sub-135	4	0	0	0.0258400000000001	0	0	1	2
sub-135	1	0	0	0.80394	0	0	0	2
sub-135	3	0	0	0.0257700000000001	0	0	0	2
sub-135	5	0	0	0.03207	0	0	0	2
sub-135	2	0	0	0.0223199999999999	0	0	0	2
sub-135	1	0	0	0.1521	0	0	0	2
sub-135	4	0	0	0.0244	0	0	0	2
sub-135	2	0	0	0.03026	0	0	0	2
sub-136	9	0	1	1.48219	0	0	0	1
sub-136	1	0	0	0.99656	0	0	0	1
sub-136	2	0	0	1.27857	0	0	0	1
sub-136	4	0	1	0.3274	0	0	0	1
sub-136	4	0	1	0.02345	0	0	0	1
sub-136	2	0	0	1.13829	0	0	0	1
sub-136	3	0	1	0.99136	0	0	0	1
sub-136	6	0	1	0.0227999999999999	0	0	0	1
sub-136	10	0	1	0.6407	0	0	1	1
sub-136	9	0	1	0.19407	0	0	1	1
sub-136	5	0	1	0.03884	0	0	1	1
sub-136	1	0	0	0.32116	0	0	1	1
sub-136	8	0	1	0.28432	0	0	1	1
sub-136	8	0	1	0.02128	0	0	1	1
sub-136	9	0	1	0.40659	0	0	1	1
sub-136	9	0	1	0.02077	0	0	1	1
sub-136	7	0	1	0.04637	0	0	1	1
sub-136	9	0	1	0.0304899999999999	0	0	1	1
sub-136	8	0	1	0.0297400000000001	0	0	1	1
sub-136	6	0	1	0.0307500000000001	0	0	1	1
sub-136	2	0	0	0.50885	0	0	1	1
sub-136	9	0	1	0.02223	0	0	1	1
sub-136	8	0	1	0.40552	0	0	1	1
sub-136	10	0	1	0.02149	0	0	1	1
sub-136	3	0	0	0.61669	0	0	0	1
sub-136	1	0	0	0.0216000000000001	0	0	0	1
sub-136	2	0	0	0.0299400000000001	0	0	0	1
sub-136	1	0	0	0.0274700000000001	0	0	0	1
sub-136	4	0	1	0.02813	0	0	0	1
sub-136	4	0	1	0.02668	0	0	0	1
sub-136	6	0	1	0.02668	0	0	0	1
sub-136	7	0	1	0.02488	0	0	0	1
sub-136	1	0	1	0.48778	0	0	1	2
sub-136	6	0	1	0.01922	0	0	1	2
sub-136	9	0	1	0.01969	0	0	1	2
sub-136	10	0	1	0.01915	0	0	1	2
sub-136	7	0	1	0.0198100000000001	0	0	1	2
sub-136	7	0	1	0.26804	0	0	1	2
sub-136	9	0	1	0.15004	0	0	1	2
sub-136	8	0	1	0.0292699999999999	0	0	1	2
sub-136	4	0	1	0.47736	0	0	0	2
sub-136	6	0	1	0.02501	0	0	0	2
sub-136	7	0	1	0.02176	0	0	0	2
sub-136	1	0	1	0.57387	0	0	0	2
sub-136	1	0	0	1.39023	0	0	0	2
sub-136	3	0	1	1.17389	0	0	0	2
sub-136	3	0	1	0.0211699999999999	0	0	0	2
sub-136	3	0	0	0.91992	0	0	0	2
sub-137	1	0	0	1.7014	0	0	0	1
sub-137	4	0	0	0.54012	0	0	0	1
sub-137	4	0	0	0.37889	0	0	0	1
sub-137	4	0	0	0.26833	0	0	0	1
sub-137	3	0	0	0.0244899999999999	0	0	0	1
sub-137	1	0	0	0.0299199999999999	0	0	0	1
sub-137	5	0	0	0.35308	0	0	0	1
sub-137	10	0	1	0.49229	0	0	0	1
sub-137	8	0	1	0.57345	0	0	1	1
sub-137	7	0	1	0.51263	0	0	1	1
sub-137	3	0	0	0.13483	0	0	1	1
sub-137	10	0	1	0.42442	0	0	1	1
sub-137	7	0	1	0.59802	0	0	1	1
sub-137	8	0	1	0.58721	0	0	1	1
sub-137	6	0	0	1.01016	0	0	1	1
sub-137	9	0	1	0.53233	0	0	1	1
sub-137	3	0	0	0.14476	0	0	1	2
sub-137	9	0	1	0.02304	0	0	1	2
sub-137	7	0	1	0.40618	0	0	1	2
sub-137	7	0	1	0.39673	0	0	1	2
sub-137	8	0	1	0.21909	0	0	1	2
sub-137	10	0	1	0.17579	0	0	1	2
sub-137	5	0	0	0.1485	0	0	1	2
sub-137	9	0	1	0.40467	0	0	1	2
sub-137	3	0	0	0.52162	0	0	0	2
sub-137	6	0	1	0.94534	0	0	0	2
sub-137	1	0	0	0.0334099999999999	0	0	0	2
sub-137	9	0	1	0.0240199999999999	0	0	0	2
sub-137	3	0	0	0.0296700000000001	0	0	0	2
sub-137	4	0	0	0.68639	0	0	0	2
sub-137	3	0	0	0.29229	0	0	0	2
sub-137	4	0	0	0.33164	0	0	0	2
sub-137	7	0	1	1.33149	0	0	1	2
sub-137	1	0	0	0.10271	0	0	1	2
sub-137	9	0	1	0.0251999999999999	0	0	1	2
sub-137	8	0	1	0.03115	0	0	1	2
sub-137	9	0	1	0.35528	0	0	1	2
sub-137	10	0	1	0.36114	0	0	1	2
sub-137	6	0	0	0.68514	0	0	1	2
sub-137	8	0	1	0.02336	0	0	1	2
sub-137	1	0	0	0.71085	0	0	0	2
sub-137	5	0	0	0.46735	0	0	0	2
sub-137	2	0	0	0.02294	0	0	0	2
sub-137	1	0	0	0.02877	0	0	0	2
sub-137	2	0	0	0.01803	0	0	0	2
sub-137	4	0	0	0.0239100000000001	0	0	0	2
sub-137	7	0	1	0.33017	0	0	0	2
sub-137	4	0	0	0.02007	0	0	0	2
sub-138	3	0	1	0.05539	0	0	0	1
sub-138	6	0	1	0.43701	0	0	0	1
sub-138	3	0	1	0.34198	0	0	0	1
sub-138	1	0	1	1.59912	0	0	0	1
sub-138	3	0	1	0.0214000000000001	0	0	0	1
sub-138	8	0	1	0.02031	0	0	0	1
sub-138	1	0	1	0.0428599999999999	0	0	0	1
sub-138	1	0	1	0.50949	0	0	1	1
sub-138	10	0	1	0.21592	0	0	1	1
sub-138	9	0	1	0.08847	0	0	1	1
sub-138	10	0	1	0.39479	0	0	1	1
sub-138	5	0	1	0.76758	0	0	1	1
sub-138	7	0	1	0.02376	0	0	1	1
sub-138	9	0	1	0.02931	0	0	1	1
sub-138	7	0	1	0.06905	0	0	1	1
sub-138	10	0	1	1.1604	0	0	0	2
sub-138	6	0	1	0.6487	0	0	0	2
sub-138	1	0	0	1.35565	0	0	0	2
sub-138	2	0	0	0.52804	0	0	0	2
sub-138	4	0	1	1.38447	0	0	0	2
sub-138	1	0	0	0.08952	0	0	0	2
sub-138	3	0	0	1.22947	0	0	0	2
sub-138	1	0	0	0.53527	0	0	0	2
sub-138	3	0	0	1.9131	0	0	1	2
sub-138	8	0	1	0.0168699999999999	0	0	1	2
sub-138	7	0	1	1.43308	0	0	1	2
sub-138	8	0	1	0.40371	0	0	1	2
sub-138	10	0	1	1.06118	0	0	1	2
sub-138	8	0	1	0.2667	0	0	1	2
sub-138	6	0	0	1.6124	0	0	0	2
sub-138	8	0	1	1.28549	0	0	0	2
sub-138	3	0	0	1.92542	0	0	0	2
sub-138	2	0	0	0.43008	0	0	0	2
sub-138	1	0	0	1.05979	0	0	0	2
sub-138	2	0	0	1.53301	0	0	0	2
sub-138	1	0	0	0.78949	0	0	0	2
sub-138	7	0	0	0.49358	0	0	0	2
sub-138	8	0	1	0.04905	0	0	0	2
sub-138	4	0	1	0.0728	0	0	0	2
sub-138	10	0	1	0.0283	0	0	0	2
sub-138	7	0	1	0.28515	0	0	0	2
sub-138	9	0	1	0.95792	0	0	0	2
sub-138	7	0	1	0.09684	0	0	0	2
sub-140	2	0	1	0.98526	0	0	0	1
sub-140	2	0	0	1.45958	0	0	0	1
sub-140	1	0	1	0.29936	0	0	0	1
sub-140	4	0	1	0.17269	0	0	0	1
sub-140	6	0	1	0.31333	0	0	0	1
sub-140	3	0	1	1.87154	0	0	0	1
sub-140	2	0	0	0.80969	0	0	0	1
sub-140	9	0	1	0.04861	0	0	0	1
sub-140	9	0	1	0.29234	0	0	1	1
sub-140	9	0	1	0.03237	0	0	1	1
sub-140	7	0	1	0.0225200000000001	0	0	1	1
sub-140	8	0	1	0.02841	0	0	1	1
sub-140	2	0	0	0.41829	0	0	1	1
sub-140	6	0	1	0.22378	0	0	1	1
sub-140	8	0	1	0.3803	0	0	1	1
sub-140	8	0	1	0.0189299999999999	0	0	1	1
sub-140	8	0	1	0.66113	0	0	1	2
sub-140	6	0	1	0.03301	0	0	1	2
sub-140	8	0	1	0.0241499999999999	0	0	1	2
sub-140	7	0	1	0.1468	0	0	1	2
sub-140	7	0	1	0.0189299999999999	0	0	1	2
sub-140	8	0	1	0.0246900000000001	0	0	1	2
sub-140	8	0	1	0.0236400000000001	0	0	1	2
sub-140	2	0	0	0.65087	0	0	1	2
sub-140	3	0	1	1.33015	0	0	0	2
sub-140	7	0	1	0.68669	0	0	0	2
sub-140	2	0	0	1.49339	0	0	0	2
sub-140	1	0	0	0.16483	0	0	0	2
sub-140	3	0	1	0.55438	0	0	0	2
sub-140	2	0	1	0.37715	0	0	0	2
sub-140	3	0	1	0.26709	0	0	0	2
sub-140	5	0	1	0.42424	0	0	0	2
sub-140	3	0	1	1.99061	0	0	0	2
sub-140	9	0	1	0.30295	0	0	0	2
sub-140	1	0	1	0.0248299999999999	0	0	0	2
sub-140	4	0	1	0.0974999999999999	0	0	0	2
sub-140	4	0	1	0.0199800000000001	0	0	0	2
sub-140	2	0	0	0.72671	0	0	0	2
sub-140	4	0	1	0.03199	0	0	0	2
sub-140	8	0	0	1.08134	0	0	1	2
sub-140	7	0	1	0.0206999999999999	0	0	1	2
sub-140	6	0	1	0.15987	0	0	1	2
sub-140	7	0	1	0.0324500000000001	0	0	1	2
sub-140	1	0	0	0.23984	0	0	1	2
sub-140	9	0	1	0.0454399999999999	0	0	1	2
sub-140	10	0	1	0.20146	0	0	1	2
sub-140	8	0	1	0.02359	0	0	1	2
sub-143	3	0	1	0.96833	0	0	0	1
sub-143	1	0	0	0.28165	0	0	0	1
sub-143	3	0	1	0.0269299999999999	0	0	0	1
sub-143	2	0	1	0.756	0	0	0	1
sub-143	9	0	1	0.0185200000000001	0	0	0	1
sub-143	4	0	1	0.0306	0	0	0	1
sub-143	6	0	1	0.0270300000000001	0	0	0	1
sub-143	2	0	1	0.29199	0	0	0	1
sub-143	7	0	1	0.23463	0	0	1	1
sub-143	8	0	1	0.02919	0	0	1	1
sub-143	10	0	1	0.02545	0	0	1	1
sub-143	7	0	1	0.02101	0	0	1	1
sub-143	10	0	1	0.0190699999999999	0	0	1	1
sub-143	10	0	1	0.03122	0	0	1	1
sub-143	2	0	1	0.02898	0	0	1	1
sub-143	5	0	1	0.0245599999999999	0	0	1	1
sub-143	7	0	1	0.01918	0	0	0	1
sub-143	5	0	1	0.0315099999999999	0	0	0	1
sub-143	4	0	1	0.02789	0	0	0	1
sub-143	3	0	1	0.0246299999999999	0	0	0	1
sub-143	1	0	0	0.02085	0	0	0	1
sub-143	3	0	1	0.03311	0	0	0	1
sub-143	4	0	1	0.26353	0	0	0	1
sub-143	1	0	0	0.22636	0	0	0	1
sub-143	10	0	1	0.04541	0	0	0	1
sub-143	10	0	1	0.0244800000000001	0	0	0	1
sub-143	10	0	1	0.0199499999999999	0	0	0	1
sub-143	2	0	1	0.0330600000000001	0	0	0	1
sub-143	7	0	1	0.03118	0	0	0	1
sub-143	7	0	1	0.0290600000000001	0	0	0	1
sub-143	5	0	1	0.02569	0	0	0	1
sub-143	9	0	1	0.02332	0	0	0	1
sub-143	3	0	1	0.10066	0	0	0	2
sub-143	8	0	1	0.07951	0	0	0	2
sub-143	4	0	1	0.02668	0	0	0	2
sub-143	5	0	1	0.0230600000000001	0	0	0	2
sub-143	4	0	1	0.0200100000000001	0	0	0	2
sub-143	3	0	1	0.0168999999999999	0	0	0	2
sub-143	3	0	1	0.0290600000000001	0	0	0	2
sub-143	2	0	0	0.02637	0	0	0	2
sub-143	9	0	1	0.23062	0	0	1	2
sub-143	5	0	1	0.29273	0	0	1	2
sub-143	9	0	1	0.02122	0	0	1	2
sub-143	7	0	1	0.0171600000000001	0	0	1	2
sub-143	7	0	1	0.03115	0	0	1	2
sub-143	7	0	1	0.02732	0	0	1	2
sub-143	10	0	1	0.0236700000000001	0	0	1	2
sub-143	1	0	0	0.0205	0	0	1	2
sub-144	3	0	1	0.96833	0	0	0	1
sub-144	1	0	0	0.28165	0	0	0	1
sub-144	3	0	1	0.0269299999999999	0	0	0	1
sub-144	2	0	1	0.756	0	0	0	1
sub-144	9	0	1	0.0185200000000001	0	0	0	1
sub-144	4	0	1	0.0306	0	0	0	1
sub-144	6	0	1	0.0270300000000001	0	0	0	1
sub-144	2	0	1	0.29199	0	0	0	1
sub-144	7	0	1	0.23463	0	0	1	1
sub-144	8	0	1	0.02919	0	0	1	1
sub-144	10	0	1	0.02545	0	0	1	1
sub-144	7	0	1	0.02101	0	0	1	1
sub-144	10	0	1	0.0190699999999999	0	0	1	1
sub-144	10	0	1	0.03122	0	0	1	1
sub-144	2	0	1	0.02898	0	0	1	1
sub-144	5	0	1	0.0245599999999999	0	0	1	1
sub-144	7	0	1	0.01918	0	0	0	1
sub-144	5	0	1	0.0315099999999999	0	0	0	1
sub-144	4	0	1	0.02789	0	0	0	1
sub-144	3	0	1	0.0246299999999999	0	0	0	1
sub-144	1	0	0	0.02085	0	0	0	1
sub-144	3	0	1	0.03311	0	0	0	1
sub-144	4	0	1	0.26353	0	0	0	1
sub-144	1	0	0	0.22636	0	0	0	1
sub-144	10	0	1	0.04541	0	0	0	1
sub-144	10	0	1	0.0244800000000001	0	0	0	1
sub-144	10	0	1	0.0199499999999999	0	0	0	1
sub-144	2	0	1	0.0330600000000001	0	0	0	1
sub-144	7	0	1	0.03118	0	0	0	1
sub-144	7	0	1	0.0290600000000001	0	0	0	1
sub-144	5	0	1	0.02569	0	0	0	1
sub-144	9	0	1	0.02332	0	0	0	1
sub-144	3	0	1	0.10066	0	0	0	2
sub-144	8	0	1	0.07951	0	0	0	2
sub-144	4	0	1	0.02668	0	0	0	2
sub-144	5	0	1	0.0230600000000001	0	0	0	2
sub-144	4	0	1	0.0200100000000001	0	0	0	2
sub-144	3	0	1	0.0168999999999999	0	0	0	2
sub-144	3	0	1	0.0290600000000001	0	0	0	2
sub-144	2	0	0	0.02637	0	0	0	2
sub-144	9	0	1	0.23062	0	0	1	2
sub-144	5	0	1	0.29273	0	0	1	2
sub-144	9	0	1	0.02122	0	0	1	2
sub-144	7	0	1	0.0171600000000001	0	0	1	2
sub-144	7	0	1	0.03115	0	0	1	2
sub-144	7	0	1	0.02732	0	0	1	2
sub-144	10	0	1	0.0236700000000001	0	0	1	2
sub-144	1	0	0	0.0205	0	0	1	2
sub-145	9	0	1	1.58022	0	0	1	1
sub-145	9	0	1	1.62088	0	0	1	1
sub-145	9	0	1	1.00965	0	0	1	1
sub-145	7	0	0	0.68207	0	0	1	1
sub-145	3	0	0	0.50447	0	0	1	1
sub-145	9	0	1	0.02634	0	0	1	1
sub-145	10	0	1	0.49962	0	0	1	1
sub-145	8	0	1	0.82084	0	0	0	1
sub-145	3	0	0	0.49263	0	0	0	1
sub-145	1	0	0	0.43331	0	0	0	1
sub-145	4	0	0	0.47223	0	0	0	1
sub-145	4	0	0	0.46124	0	0	0	1
sub-145	1	0	0	0.50085	0	0	0	1
sub-145	6	0	1	0.87548	0	0	0	1
sub-145	2	0	0	0.49688	0	0	0	1
sub-145	9	0	1	0.77971	0	0	1	2
sub-145	10	0	1	0.38597	0	0	1	2
sub-145	10	0	1	0.4086	0	0	1	2
sub-145	9	0	1	0.46571	0	0	1	2
sub-145	7	0	1	0.50497	0	0	1	2
sub-145	10	0	1	0.4443	0	0	1	2
sub-145	6	0	0	0.43345	0	0	1	2
sub-145	1	0	0	0.33925	0	0	1	2
sub-145	2	0	0	1.02905	0	0	0	2
sub-145	5	0	0	0.55237	0	0	0	2
sub-145	4	0	0	0.37469	0	0	0	2
sub-145	9	0	1	0.3975	0	0	0	2
sub-145	1	0	0	0.18626	0	0	0	2
sub-145	4	0	0	0.37542	0	0	0	2
sub-145	2	0	0	0.23275	0	0	0	2
sub-145	1	0	0	0.0215700000000001	0	0	0	2
sub-145	10	0	1	0.9217	0	0	1	2
sub-145	7	0	1	0.49521	0	0	1	2
sub-145	1	0	0	0.01695	0	0	1	2
sub-145	8	0	1	0.30802	0	0	1	2
sub-145	9	0	1	0.38049	0	0	1	2
sub-145	9	0	1	0.0192399999999999	0	0	1	2
sub-145	5	0	0	0.0254000000000001	0	0	1	2
sub-145	9	0	1	0.03084	0	0	1	2
sub-145	3	0	0	1.01365	0	0	0	2
sub-145	1	0	0	0.0357799999999999	0	0	0	2
sub-145	3	0	0	0.02477	0	0	0	2
sub-145	6	0	0	0.83155	0	0	0	2
sub-145	4	0	0	0.0203899999999999	0	0	0	2
sub-145	3	0	0	0.02556	0	0	0	2
sub-145	9	0	1	0.16538	0	0	0	2
sub-145	4	0	0	0.0209600000000001	0	0	0	2
sub-147	4	0	1	1.66813	0	0	0	1
sub-147	5	0	1	1.32477	0	0	0	1
sub-147	10	0	0	1.48119	0	0	0	1
sub-147	2	0	1	0.8532	0	0	0	1
sub-147	4	0	1	0.39195	0	0	0	1
sub-147	3	0	0	1.26651	0	0	0	1
sub-147	4	0	1	0.73944	0	0	0	1
sub-147	3	0	1	1.61313	0	0	0	1
sub-147	4	0	1	0.64248	0	0	1	1
sub-147	8	0	1	0.25	0	0	1	1
sub-147	10	0	1	0.0231699999999999	0	0	1	1
sub-147	5	0	1	0.39637	0	0	1	1
sub-147	8	0	1	0.0185900000000001	0	0	1	1
sub-147	10	0	1	0.45836	0	0	1	1
sub-147	8	0	1	0.3975	0	0	1	1
sub-147	7	0	1	0.15316	0	0	1	1
sub-147	10	0	1	0.35722	0	0	1	1
sub-147	10	0	1	0.0303	0	0	1	1
sub-147	8	0	1	0.10315	0	0	1	1
sub-147	10	0	1	0.0256400000000001	0	0	1	1
sub-147	8	0	1	0.0312699999999999	0	0	1	1
sub-147	1	0	1	0.02179	0	0	1	1
sub-147	6	0	1	0.32806	0	0	1	1
sub-147	7	0	1	0.01797	0	0	1	1
sub-147	1	0	0	1.2494	0	0	0	1
sub-147	3	0	1	1.50564	0	0	0	1
sub-147	8	0	1	0.24348	0	0	0	1
sub-147	6	0	1	0.06586	0	0	0	1
sub-147	1	0	0	0.10522	0	0	0	1
sub-147	3	0	1	0.89523	0	0	0	1
sub-147	3	0	1	0.40094	0	0	0	1
sub-147	3	0	0	0.55646	0	0	0	1
sub-147	7	0	1	0.43239	0	0	1	2
sub-147	9	0	1	0.0889800000000001	0	0	1	2
sub-147	7	0	1	0.0277400000000001	0	0	1	2
sub-147	8	0	1	0.0172699999999999	0	0	1	2
sub-147	7	0	1	0.0241100000000001	0	0	1	2
sub-147	9	0	1	0.0301199999999999	0	0	1	2
sub-147	6	0	1	0.0194399999999999	0	0	1	2
sub-147	2	0	0	0.80941	0	0	1	2
sub-147	5	0	1	0.62226	0	0	0	2
sub-147	2	0	0	0.02837	0	0	0	2
sub-147	1	0	0	1.21887	0	0	0	2
sub-147	1	0	0	0.19173	0	0	0	2
sub-147	4	0	1	0.0813999999999999	0	0	0	2
sub-147	3	0	1	0.33691	0	0	0	2
sub-147	7	0	1	0.02562	0	0	0	2
sub-147	3	0	1	0.14868	0	0	0	2
sub-150	8	0	1	1.95788	0	0	1	1
sub-150	7	0	1	0.68	0	0	1	1
sub-150	8	0	1	0.61931	0	0	1	1
sub-150	9	0	1	0.34165	0	0	1	1
sub-150	2	0	0	0.54824	0	0	1	1
sub-150	5	0	1	0.53821	0	0	1	1
sub-150	8	0	1	0.74419	0	0	1	1
sub-150	7	0	1	0.39966	0	0	1	1
sub-150	3	0	0	0.45155	0	0	0	1
sub-150	1	0	0	0.42373	0	0	0	1
sub-150	4	0	1	1.86611	0	0	0	1
sub-150	8	0	1	0.47097	0	0	0	1
sub-150	4	0	1	0.61171	0	0	0	1
sub-150	3	0	0	0.40152	0	0	0	1
sub-150	5	0	1	0.30728	0	0	0	1
sub-150	3	0	1	0.847	0	0	0	1
sub-150	2	0	1	0.47272	0	0	0	2
sub-150	5	0	1	0.34491	0	0	0	2
sub-150	3	0	1	0.72019	0	0	0	2
sub-150	2	0	1	0.44355	0	0	0	2
sub-150	9	0	1	0.48274	0	0	0	2
sub-150	1	0	0	0.40512	0	0	0	2
sub-150	4	0	1	0.31119	0	0	0	2
sub-150	4	0	1	0.38377	0	0	0	2
sub-150	8	0	1	0.7582	0	0	1	2
sub-150	1	0	0	0.51392	0	0	1	2
sub-150	10	0	1	0.38755	0	0	1	2
sub-150	9	0	1	0.44352	0	0	1	2
sub-150	6	0	1	0.91673	0	0	1	2
sub-150	10	0	1	0.37195	0	0	1	2
sub-150	8	0	1	0.3946	0	0	1	2
sub-150	8	0	1	0.36739	0	0	1	2
sub-150	1	0	0	0.46941	0	0	0	2
sub-150	4	0	1	0.34408	0	0	0	2
sub-150	1	0	0	0.31598	0	0	0	2
sub-150	1	0	0	0.35533	0	0	0	2
sub-150	3	0	1	0.3778	0	0	0	2
sub-150	9	0	1	0.46819	0	0	0	2
sub-150	3	0	1	0.8243	0	0	0	2
sub-150	6	0	1	0.0294399999999999	0	0	0	2
sub-150	10	0	1	0.47995	0	0	0	2
sub-150	9	0	1	0.35366	0	0	0	2
sub-150	1	0	0	0.37605	0	0	0	2
sub-150	10	0	1	0.36636	0	0	0	2
sub-150	5	0	1	0.87258	0	0	0	2
sub-150	8	0	1	0.46157	0	0	0	2
sub-150	7	0	1	0.41739	0	0	0	2
sub-150	8	0	1	0.74024	0	0	0	2
sub-151	5	0	1	0.0499799999999999	0	0	0	1
sub-151	4	0	0	0.0240499999999999	0	0	0	1
sub-151	3	0	0	0.0307599999999999	0	0	0	1
sub-151	3	0	0	0.0215000000000001	0	0	0	1
sub-151	2	0	0	0.0274300000000001	0	0	0	1
sub-151	3	0	0	0.03352	0	0	0	1
sub-151	4	0	0	0.02362	0	0	0	1
sub-151	10	0	1	0.02945	0	0	0	1
sub-151	7	0	1	0.24863	0	0	1	1
sub-151	8	0	1	0.0230300000000001	0	0	1	1
sub-151	10	0	1	0.02925	0	0	1	1
sub-151	8	0	1	0.0186900000000001	0	0	1	1
sub-151	5	0	1	0.15772	0	0	1	1
sub-151	7	0	1	0.03118	0	0	1	1
sub-151	8	0	1	0.02145	0	0	1	1
sub-151	3	0	0	0.0275000000000001	0	0	1	1
sub-151	3	0	0	0.12097	0	0	0	2
sub-151	1	0	0	0.02738	0	0	0	2
sub-151	2	0	0	0.03348	0	0	0	2
sub-151	7	0	1	0.02362	0	0	0	2
sub-151	5	0	0	0.09657	0	0	0	2
sub-151	2	0	0	0.0198799999999999	0	0	0	2
sub-151	2	0	0	0.0255799999999999	0	0	0	2
sub-151	4	0	0	0.0317700000000001	0	0	0	2
sub-151	6	0	1	0.29265	0	0	0	2
sub-151	3	0	0	0.0323800000000001	0	0	0	2
sub-151	8	0	1	0.20619	0	0	0	2
sub-151	3	0	0	0.0284500000000001	0	0	0	2
sub-151	3	0	0	0.0346599999999999	0	0	0	2
sub-151	1	0	0	0.02342	0	0	0	2
sub-151	2	0	0	0.0295799999999999	0	0	0	2
sub-151	3	0	0	0.0179	0	0	0	2
sub-151	8	0	1	0.33461	0	0	1	2
sub-151	9	0	1	0.22361	0	0	1	2
sub-151	3	0	0	0.0291699999999999	0	0	1	2
sub-151	9	0	1	0.0352399999999999	0	0	1	2
sub-151	8	0	1	0.0242199999999999	0	0	1	2
sub-151	10	0	1	0.0301899999999999	0	0	1	2
sub-151	7	0	1	0.8037	0	0	1	2
sub-151	5	0	0	0.0253399999999999	0	0	1	2
sub-151	7	0	1	0.40447	0	0	1	2
sub-151	8	0	1	0.0613300000000001	0	0	1	2
sub-151	9	0	1	0.01695	0	0	1	2
sub-151	4	0	0	0.0239799999999999	0	0	1	2
sub-151	8	0	1	0.0297400000000001	0	0	1	2
sub-151	8	0	1	0.0193000000000001	0	0	1	2
sub-151	10	0	1	0.02484	0	0	1	2
sub-151	6	0	1	0.18089	0	0	1	2
sub-153	4	0	0	0.1986	0	0	0	1
sub-153	4	0	0	0.75524	0	0	0	1
sub-153	4	0	1	1.41177	0	0	0	1
sub-153	8	0	1	0.51727	0	0	0	1
sub-153	3	0	0	0.39044	0	0	0	1
sub-153	2	0	0	0.37977	0	0	0	1
sub-153	2	0	0	0.38532	0	0	0	1
sub-153	5	0	1	1.2006	0	0	0	1
sub-153	8	0	1	0.02311	0	0	0	1
sub-153	3	0	0	0.02885	0	0	0	1
sub-153	7	0	1	0.0183599999999999	0	0	0	1
sub-153	10	0	1	0.02414	0	0	0	1
sub-153	9	0	1	0.88093	0	0	0	1
sub-153	7	0	1	0.01928	0	0	0	1
sub-153	10	0	1	0.0251399999999999	0	0	0	1
sub-153	2	0	0	0.31765	0	0	0	2
sub-153	1	0	0	0.0239799999999999	0	0	0	2
sub-153	2	0	0	0.0300100000000001	0	0	0	2
sub-153	5	0	1	0.01912	0	0	0	2
sub-153	3	0	0	0.02525	0	0	0	2
sub-153	3	0	0	0.36483	0	0	0	2
sub-153	3	0	0	0.3706	0	0	0	2
sub-153	7	0	1	0.0265299999999999	0	0	0	2
sub-153	8	0	1	0.32926	0	0	1	2
sub-153	10	0	1	0.0195799999999999	0	0	1	2
sub-153	8	0	1	0.10918	0	0	1	2
sub-153	9	0	1	0.0312300000000001	0	0	1	2
sub-153	7	0	1	0.02162	0	0	1	2
sub-153	9	0	1	0.02752	0	0	1	2
sub-153	1	0	0	0.0168200000000001	0	0	1	2
sub-153	5	0	1	0.0238700000000001	0	0	1	2
sub-153	9	0	1	0.25162	0	0	1	2
sub-153	6	0	1	0.14268	0	0	1	2
sub-153	3	0	0	0.03271	0	0	1	2
sub-153	8	0	1	0.02311	0	0	1	2
sub-153	10	0	1	0.02901	0	0	1	2
sub-153	8	0	1	0.0182899999999999	0	0	1	2
sub-153	9	0	1	0.0241100000000001	0	0	1	2
sub-153	8	0	1	0.24685	0	0	1	2
sub-153	2	0	0	0.0760799999999999	0	0	0	2
sub-153	6	0	1	1.18291	0	0	0	2
sub-153	3	0	0	0.0213399999999999	0	0	0	2
sub-153	7	0	1	0.0267999999999999	0	0	0	2
sub-153	1	0	0	0.0328200000000001	0	0	0	2
sub-153	4	0	1	0.0229699999999999	0	0	0	2
sub-153	2	0	0	0.02881	0	0	0	2
sub-153	2	0	0	0.18537	0	0	0	2
sub-154	1	0	0	1.97901	0	0	0	1
sub-154	7	0	1	0.50179	0	0	0	1
sub-154	2	0	0	0.52613	0	0	0	1
sub-154	4	0	0	0.76548	0	0	0	1
sub-154	6	0	1	1.07301	0	0	0	1
sub-154	4	0	0	0.32828	0	0	0	1
sub-154	3	0	0	0.23485	0	0	0	1
sub-154	4	0	0	0.0248299999999999	0	0	0	1
sub-154	8	0	0	1.5405	0	0	1	1
sub-154	5	0	0	0.22867	0	0	1	1
sub-154	9	0	1	0.45145	0	0	1	1
sub-154	9	0	1	0.54092	0	0	1	1
sub-154	2	0	0	0.2128	0	0	1	1
sub-154	10	0	1	0.11895	0	0	1	1
sub-154	9	0	1	0.32486	0	0	1	1
sub-154	7	0	0	0.0306	0	0	1	1
sub-154	1	0	0	0.14676	0	0	0	1
sub-154	1	0	0	0.0191399999999999	0	0	0	1
sub-154	5	0	0	0.0586199999999999	0	0	0	1
sub-154	2	0	0	0.0645	0	0	0	1
sub-154	4	0	0	0.02115	0	0	0	1
sub-154	2	0	0	0.0272600000000001	0	0	0	1
sub-154	9	0	1	0.76713	0	0	0	1
sub-154	1	0	0	0.02338	0	0	0	1
sub-154	2	0	0	0.0405199999999999	0	0	1	1
sub-154	6	0	0	0.02938	0	0	1	1
sub-154	8	0	0	0.0187299999999999	0	0	1	1
sub-154	10	0	1	0.0244599999999999	0	0	1	1
sub-154	8	0	1	0.0305500000000001	0	0	1	1
sub-154	9	0	1	0.1369	0	0	1	1
sub-154	8	0	1	1.27693	0	0	1	1
sub-154	5	0	0	0.8928	0	0	1	2
sub-154	7	0	0	0.60012	0	0	1	2
sub-154	9	0	1	0.38906	0	0	1	2
sub-154	9	0	1	0.56177	0	0	1	2
sub-154	1	0	0	0.5848	0	0	1	2
sub-154	8	0	0	0.54021	0	0	1	2
sub-154	7	0	0	0.54656	0	0	1	2
sub-154	9	0	1	0.83575	0	0	1	2
sub-154	6	0	0	0.91655	0	0	0	2
sub-154	7	0	0	0.52218	0	0	0	2
sub-154	3	0	0	0.57829	0	0	0	2
sub-154	1	0	0	0.385	0	0	0	2
sub-154	4	0	0	0.55763	0	0	0	2
sub-154	1	0	0	0.56371	0	0	0	2
sub-154	3	0	0	0.98763	0	0	0	2
sub-154	2	0	0	0.5097	0	0	0	2
sub-157	3	0	1	0.54735	0	0	0	1
sub-157	1	0	0	0.53826	0	0	0	1
sub-157	6	0	1	0.82746	0	0	0	1
sub-157	3	0	1	0.4999	0	0	0	1
sub-157	9	0	1	0.3401	0	0	0	1
sub-157	1	0	0	0.41255	0	0	0	1
sub-157	1	0	1	1.20264	0	0	0	1
sub-157	2	0	1	0.34099	0	0	0	1
sub-157	9	0	1	0.35046	0	0	1	1
sub-157	7	0	1	0.33999	0	0	1	1
sub-157	3	0	1	0.29683	0	0	1	1
sub-157	9	0	1	0.35364	0	0	1	1
sub-157	5	0	1	0.34272	0	0	1	1
sub-157	8	0	1	0.38208	0	0	1	1
sub-157	10	0	1	0.13792	0	0	1	1
sub-157	9	0	1	0.29382	0	0	1	1
sub-157	4	0	1	0.0325899999999999	0	0	0	2
sub-157	2	0	1	0.0223100000000001	0	0	0	2
sub-157	3	0	0	0.66372	0	0	0	2
sub-157	1	0	0	0.16912	0	0	0	2
sub-157	5	0	1	0.30803	0	0	0	2
sub-157	10	0	1	0.03067	0	0	0	2
sub-157	2	0	1	0.01976	0	0	0	2
sub-157	4	0	1	0.42612	0	0	0	2
sub-157	9	0	1	0.0293300000000001	0	0	1	2
sub-157	4	0	1	0.3367	0	0	1	2
sub-157	10	0	1	0.0253699999999999	0	0	1	2
sub-157	6	0	1	0.38206	0	0	1	2
sub-157	9	0	1	0.35464	0	0	1	2
sub-157	7	0	1	0.02623	0	0	1	2
sub-157	8	0	1	0.03291	0	0	1	2
sub-157	10	0	1	0.05654	0	0	1	2
sub-157	5	0	1	0.0186	0	0	0	2
sub-157	3	0	0	0.49176	0	0	0	2
sub-157	2	0	0	0.29751	0	0	0	2
sub-157	2	0	0	0.0709599999999999	0	0	0	2
sub-157	1	0	0	0.0264599999999999	0	0	0	2
sub-157	8	0	1	0.0993200000000001	0	0	0	2
sub-157	4	0	0	0.4055	0	0	0	2
sub-157	1	0	0	0.0273699999999999	0	0	0	2
sub-157	9	0	1	0.60926	0	0	1	2
sub-157	10	0	1	0.0318499999999999	0	0	1	2
sub-157	7	0	1	0.27239	0	0	1	2
sub-157	5	0	1	0.02827	0	0	1	2
sub-157	10	0	1	0.0678300000000001	0	0	1	2
sub-157	8	0	1	0.50757	0	0	1	2
sub-157	8	0	1	0.41329	0	0	1	2
sub-157	4	0	1	0.41951	0	0	1	2
sub-158	1	0	0	0.68142	0	0	0	1
sub-158	4	0	0	0.45341	0	0	0	1
sub-158	1	0	0	0.161	0	0	0	1
sub-158	5	0	0	0.0182100000000001	0	0	0	1
sub-158	2	0	0	0.02224	0	0	0	1
sub-158	9	0	1	0.17891	0	0	0	1
sub-158	1	0	0	0.0179400000000001	0	0	0	1
sub-158	1	0	0	0.0246299999999999	0	0	0	1
sub-158	9	0	1	0.51489	0	0	0	1
sub-158	3	0	0	1.12329	0	0	0	1
sub-158	8	0	1	0.5954	0	0	0	1
sub-158	7	0	0	0.55243	0	0	0	1
sub-158	9	0	1	0.0240899999999999	0	0	0	1
sub-158	5	0	0	0.03023	0	0	0	1
sub-158	9	0	1	0.87061	0	0	0	1
sub-158	8	0	0	0.87617	0	0	0	1
sub-158	10	0	1	0.1271	0	0	1	2
sub-158	10	0	1	0.53524	0	0	1	2
sub-158	5	0	0	0.12408	0	0	1	2
sub-158	10	0	1	0.51391	0	0	1	2
sub-158	9	0	1	0.53652	0	0	1	2
sub-158	9	0	1	0.56627	0	0	1	2
sub-158	1	0	0	0.34362	0	0	1	2
sub-158	9	0	1	1.28375	0	0	1	2
sub-158	4	0	0	0.151	0	0	0	2
sub-158	4	0	0	0.97531	0	0	0	2
sub-158	1	0	0	1.18129	0	0	0	2
sub-158	1	0	0	0.88676	0	0	0	2
sub-158	2	0	0	0.72599	0	0	0	2
sub-158	1	0	0	0.53191	0	0	0	2
sub-158	5	0	0	0.55556	0	0	0	2
sub-158	8	0	1	0.24437	0	0	0	2
sub-158	9	0	1	0.46816	0	0	1	2
sub-158	9	0	1	0.5263	0	0	1	2
sub-158	2	0	0	0.49054	0	0	1	2
sub-158	10	0	1	0.46335	0	0	1	2
sub-158	10	0	1	0.48608	0	0	1	2
sub-158	5	0	0	0.39285	0	0	1	2
sub-158	8	0	1	1.06724	0	0	1	2
sub-158	8	0	1	0.57267	0	0	1	2
sub-158	4	0	0	0.0174399999999999	0	0	0	2
sub-158	2	0	0	0.42508	0	0	0	2
sub-158	5	0	0	0.64789	0	0	0	2
sub-158	3	0	1	0.30369	0	0	0	2
sub-158	1	0	0	0.02573	0	0	0	2
sub-158	2	0	0	0.44892	0	0	0	2
sub-158	2	0	0	0.40497	0	0	0	2
sub-158	8	0	1	0.56079	0	0	0	2
sub-159	10	0	1	0.28925	0	0	1	1
sub-159	8	0	1	0.31295	0	0	1	1
sub-159	4	0	0	0.25324	0	0	1	1
sub-159	6	0	0	0.30914	0	0	1	1
sub-159	9	0	1	0.36498	0	0	1	1
sub-159	8	0	1	0.57119	0	0	1	1
sub-159	9	0	1	0.19284	0	0	1	1
sub-159	9	0	1	0.0491600000000001	0	0	1	1
sub-159	3	0	0	0.16009	0	0	0	1
sub-159	2	0	0	0.0327	0	0	0	1
sub-159	7	0	0	0.45673	0	0	0	1
sub-159	3	0	0	0.39632	0	0	0	1
sub-159	1	0	0	0.28532	0	0	0	1
sub-159	4	0	0	0.19113	0	0	0	1
sub-159	6	0	0	0.21375	0	0	0	1
sub-159	4	0	0	0.98703	0	0	0	1
sub-159	8	0	0	0.25886	0	0	1	2
sub-159	8	0	0	0.0316099999999999	0	0	1	2
sub-159	5	0	0	0.22304	0	0	1	2
sub-159	9	0	1	0.21232	0	0	1	2
sub-159	8	0	0	0.41817	0	0	1	2
sub-159	2	0	0	0.37384	0	0	1	2
sub-159	9	0	1	0.24636	0	0	1	2
sub-159	9	0	1	0.30284	0	0	1	2
sub-159	3	0	0	0.14073	0	0	0	2
sub-159	1	0	0	0.03131	0	0	0	2
sub-159	9	0	1	0.15539	0	0	0	2
sub-159	3	0	0	0.49497	0	0	0	2
sub-159	4	0	0	0.10048	0	0	0	2
sub-159	4	0	0	0.02335	0	0	0	2
sub-159	5	0	0	0.0287599999999999	0	0	0	2
sub-159	4	0	0	0.0180899999999999	0	0	0	2
sub-159	2	0	0	0.02366	0	0	0	2
sub-159	3	0	0	0.0300499999999999	0	0	0	2
sub-159	3	0	0	0.0361	0	0	0	2
sub-159	1	0	0	0.2925	0	0	0	2
sub-159	1	0	0	0.0324899999999999	0	0	0	2
sub-159	10	0	1	0.13856	0	0	0	2
sub-159	5	0	0	0.37818	0	0	0	2
sub-159	2	0	0	0.0336099999999999	0	0	0	2
sub-159	5	0	0	0.36965	0	0	1	2
sub-159	10	0	1	0.14283	0	0	1	2
sub-159	7	0	1	0.24974	0	0	1	2
sub-159	9	0	1	0.02308	0	0	1	2
sub-159	8	0	1	0.22976	0	0	1	2
sub-159	7	0	1	0.3021	0	0	1	2
sub-159	3	0	0	0.39153	0	0	1	2
sub-159	8	0	1	0.13168	0	0	1	2
