subjID	offer	accept	response_time	human	ingroup	block_fair
sub-106	7	1	0.48668	0	0	1
sub-106	8	1	0.36464	0	0	1
sub-106	9	1	0.40875	0	0	1
sub-106	8	1	0.41926	0	0	1
sub-106	9	1	0.29739	0	0	1
sub-106	5	0	0.43155	0	0	1
sub-106	4	0	0.51137	0	0	1
sub-106	7	1	0.27478	0	0	1
sub-106	2	0	0.54624	0	0	0
sub-106	4	0	0.33995	0	0	0
sub-106	1	0	0.02681	0	0	0
sub-106	8	1	0.52964	0	0	0
sub-106	1	0	0.0317700000000001	0	0	0
sub-106	6	0	0.47249	0	0	0
sub-106	2	0	0.0329600000000001	0	0	0
sub-106	1	0	0.33519	0	0	0
sub-106	10	1	0.29761	0	0	1
sub-106	5	0	0.23062	0	0	1
sub-106	8	1	0.4655	0	0	1
sub-106	3	0	0.03128	0	0	1
sub-106	8	1	0.1206	0	0	1
sub-106	7	1	0.49127	0	0	1
sub-106	10	1	0.49625	0	0	1
sub-106	9	1	0.30873	0	0	1
sub-106	7	1	1.01412	0	0	1
sub-106	9	1	0.29043	0	0	1
sub-106	5	0	0.33113	0	0	1
sub-106	7	1	0.20991	0	0	1
sub-106	9	1	0.72992	0	0	1
sub-106	10	1	0.03342	0	0	1
sub-106	1	0	0.31589	0	0	1
sub-106	8	1	0.35628	0	0	1
sub-106	4	0	0.5413	0	0	0
sub-106	2	0	0.02301	0	0	0
sub-106	7	0	1.3023	0	0	0
sub-106	2	0	0.26552	0	0	0
sub-106	3	0	0.0261800000000001	0	0	0
sub-106	2	0	0.09934	0	0	0
sub-106	6	0	0.28159	0	0	0
sub-106	2	0	0.0289299999999999	0	0	0
sub-106	2	0	0.16523	0	0	0
sub-106	10	1	0.69445	0	0	0
sub-106	1	0	0.45478	0	0	0
sub-106	1	0	0.32531	0	0	0
sub-106	1	0	0.61759	0	0	0
sub-106	1	0	0.02362	0	0	0
sub-106	6	0	0.75257	0	0	0
sub-106	4	0	0.0173099999999999	0	0	0
sub-109	2	1	1.1094	0	0	0
sub-109	6	1	0.4146	0	0	0
sub-109	2	1	0.5417	0	0	0
sub-109	2	1	0.55204	0	0	0
sub-109	7	1	1.27068	0	0	0
sub-109	4	1	1.63803	0	0	0
sub-109	4	1	1.4614	0	0	1
sub-109	9	1	0.15153	0	0	1
sub-109	7	1	1.22914	0	0	1
sub-109	8	1	0.54111	0	0	1
sub-109	9	1	0.49465	0	0	1
sub-109	9	1	1.67478	0	0	1
sub-109	6	1	1.00845	0	0	1
sub-109	10	1	0.70326	0	0	1
sub-109	9	1	0.83959	0	0	1
sub-109	10	1	0.59654	0	0	1
sub-109	7	1	1.08851	0	0	1
sub-109	6	1	0.11771	0	0	1
sub-109	10	1	0.49095	0	0	1
sub-109	9	1	0.40792	0	0	1
sub-109	10	1	0.26931	0	0	1
sub-109	8	1	0.68549	0	0	1
sub-109	10	1	0.22725	0	0	1
sub-109	6	1	0.66974	0	0	1
sub-109	7	1	0.0255399999999999	0	0	1
sub-109	7	1	0.90758	0	0	1
sub-109	1	1	1.63344	0	0	0
sub-109	3	1	0.46067	0	0	0
sub-109	6	1	0.64305	0	0	0
sub-109	4	1	0.26181	0	0	0
sub-109	4	1	0.0188900000000001	0	0	0
sub-109	9	1	1.01892	0	0	0
sub-109	2	1	0.61932	0	0	0
sub-109	4	0	1.7197	0	0	0
sub-109	3	1	0.81948	0	0	0
sub-109	2	1	1.03162	0	0	0
sub-109	1	0	0.11661	0	0	0
sub-109	3	1	0.55716	0	0	0
sub-109	5	1	0.33258	0	0	0
sub-109	8	1	1.74822	0	0	0
sub-109	1	0	0.40292	0	0	0
sub-110	8	1	0.0226200000000001	1	1	1
sub-110	9	1	0.0200199999999999	1	1	1
sub-110	8	1	0.0592699999999999	1	1	1
sub-110	8	1	0.0312600000000001	1	1	1
sub-110	3	0	0.0189600000000001	1	1	1
sub-110	5	1	0.02671	1	1	1
sub-110	8	1	0.0324500000000001	1	1	1
sub-110	7	1	0.0198499999999999	1	1	1
sub-110	5	1	0.0166599999999999	1	1	1
sub-110	8	1	0.0225200000000001	1	1	1
sub-110	7	1	0.0291399999999999	1	1	1
sub-110	7	1	0.03193	1	1	1
sub-110	8	1	0.02179	1	1	1
sub-110	9	1	0.0285	1	1	1
sub-110	2	0	0.01797	1	1	1
sub-110	7	1	0.02447	1	1	1
sub-110	4	0	0.02125	1	1	0
sub-110	6	1	0.0297799999999999	1	1	0
sub-110	1	0	0.0308900000000001	1	1	0
sub-110	3	0	0.0202899999999999	1	1	0
sub-110	3	0	0.02867	1	1	0
sub-110	8	1	0.0189999999999999	1	1	0
sub-110	4	0	0.02302	1	1	0
sub-110	4	0	0.03128	1	1	0
sub-110	1	1	0.0202100000000001	0	0	0
sub-110	4	0	0.02895	0	0	0
sub-110	9	1	0.01841	0	0	0
sub-110	3	1	0.02179	0	0	0
sub-110	1	0	0.02973	0	0	0
sub-110	6	1	0.03312	0	0	0
sub-110	4	0	0.02247	0	0	0
sub-110	4	0	0.0306500000000001	0	0	0
sub-110	10	1	0.01993	0	0	1
sub-110	8	1	0.0272600000000001	0	0	1
sub-110	9	1	0.03314	0	0	1
sub-110	1	0	0.02064	0	0	1
sub-110	6	1	0.0271699999999999	0	0	1
sub-110	7	1	0.0173300000000001	0	0	1
sub-110	9	1	0.02153	0	0	1
sub-110	8	1	0.02891	0	0	1
sub-110	10	1	0.0214399999999999	1	1	1
sub-110	10	1	0.0182199999999999	1	1	1
sub-110	6	1	0.0272300000000001	1	1	1
sub-110	10	1	0.03277	1	1	1
sub-110	8	1	0.0207299999999999	1	1	1
sub-110	3	0	0.0251600000000001	1	1	1
sub-110	8	1	0.0326500000000001	1	1	1
sub-110	7	1	0.02203	1	1	1
sub-105	9	1	0.79063	1	0	1
sub-105	7	1	0.63709	1	0	1
sub-105	4	1	0.80131	1	0	1
sub-105	7	1	0.51922	1	0	1
sub-105	8	1	0.47383	1	0	1
sub-105	8	1	0.46462	1	0	1
sub-105	9	1	0.47278	1	0	1
sub-105	5	1	0.87818	1	0	1
sub-105	5	1	0.77511	1	0	0
sub-105	8	1	0.41959	1	0	0
sub-105	2	0	0.51949	1	0	0
sub-105	4	0	1.80109	1	0	0
sub-105	2	1	1.99259	1	0	0
sub-105	1	0	0.41996	1	0	0
sub-105	2	0	0.3712	1	0	0
sub-105	1	0	0.55048	1	1	0
sub-105	9	1	0.64974	0	0	1
sub-105	6	1	0.6886	0	0	1
sub-105	9	1	0.5539	0	0	1
sub-105	1	0	0.56	0	0	1
sub-105	8	1	0.6447	0	0	1
sub-105	9	1	0.64712	0	0	1
sub-105	7	1	0.64867	0	0	1
sub-105	8	1	0.55147	1	1	1
sub-105	4	1	1.24243	0	0	0
sub-105	1	0	0.38544	0	0	0
sub-105	2	1	1.10118	0	0	0
sub-105	4	1	0.48994	0	0	0
sub-105	6	1	0.45059	0	0	0
sub-105	7	1	0.48691	0	0	0
sub-105	2	1	0.52817	0	0	0
sub-105	8	1	0.6735	0	0	1
sub-105	3	1	0.93634	1	0	1
sub-105	10	1	0.46841	1	0	1
sub-105	7	1	0.42901	1	0	1
sub-105	10	1	0.46286	1	0	1
sub-105	9	1	0.44391	1	0	1
sub-105	5	1	0.58091	1	0	1
sub-105	7	1	0.44826	1	0	1
sub-105	3	0	0.54609	0	0	0
sub-105	2	0	0.56849	1	1	0
sub-105	3	1	0.5051	1	1	0
sub-105	1	0	0.91486	1	1	0
sub-105	7	1	0.47347	1	1	0
sub-105	3	0	0.45872	1	1	0
sub-105	4	1	0.39184	1	1	0
sub-105	6	1	0.45175	1	1	0
sub-108	4	0	1.06775	0	0	0
sub-108	10	1	0.38793	1	0	1
sub-108	10	1	0.3736	1	0	1
sub-108	9	1	0.40512	1	0	1
sub-108	6	1	0.4891	1	0	1
sub-108	1	0	0.47125	1	0	1
sub-108	10	1	0.3705	1	0	1
sub-108	10	1	0.43715	1	0	1
sub-108	7	1	1.23188	0	0	1
sub-108	3	0	0.2997	1	1	0
sub-108	1	0	0.28434	1	1	0
sub-108	3	1	0.36807	1	1	0
sub-108	3	1	0.60213	1	1	0
sub-108	8	1	0.24913	1	1	0
sub-108	6	1	0.0294000000000001	1	1	0
sub-108	1	0	0.41319	1	1	0
sub-108	2	0	0.0170399999999999	1	0	0
sub-108	2	0	0.02515	1	0	0
sub-108	1	0	0.02569	1	0	0
sub-108	4	0	0.02356	1	0	0
sub-108	10	1	0.0222599999999999	1	0	0
sub-108	6	1	0.0221499999999999	1	0	0
sub-108	1	0	0.0272600000000001	1	0	0
sub-108	3	0	0.0190999999999999	1	0	0
sub-108	10	1	0.02498	1	1	1
sub-108	10	1	0.02938	1	1	1
sub-108	9	1	0.0260499999999999	1	1	1
sub-108	3	0	0.0285	1	1	1
sub-108	10	1	0.0277499999999999	1	1	1
sub-108	10	1	0.0263100000000001	1	1	1
sub-108	5	1	0.0202100000000001	1	1	1
sub-108	8	1	0.02498	1	1	1
sub-108	8	1	0.0183199999999999	1	0	1
sub-108	6	1	0.03024	1	0	1
sub-108	7	1	0.02193	1	0	1
sub-108	7	1	0.0214000000000001	1	0	1
sub-108	10	1	0.0215000000000001	1	0	1
sub-108	7	1	0.0211300000000001	1	0	1
sub-108	7	1	0.02014	1	0	1
sub-108	1	0	0.0186	1	0	1
sub-108	10	1	0.0222100000000001	0	0	1
sub-108	8	1	0.85649	0	0	1
sub-108	10	1	0.0324199999999999	0	0	1
sub-108	8	1	0.0182899999999999	0	0	1
sub-108	9	1	0.01919	0	0	1
sub-108	1	0	0.0276099999999999	0	0	1
sub-108	9	1	0.0254799999999999	0	0	1
sub-108	5	1	0.03074	0	0	1
sub-107	9	1	1.1715	1	0	1
sub-107	9	1	1.08123	1	0	1
sub-107	10	1	0.85583	1	0	1
sub-107	6	0	0.3948	1	0	1
sub-107	9	1	0.55291	1	0	1
sub-107	3	0	0.37427	1	0	1
sub-107	8	1	0.79924	1	0	1
sub-107	8	1	0.79483	1	0	1
sub-107	4	0	0.90356	1	0	0
sub-107	2	0	0.47341	1	0	0
sub-107	4	0	1.49911	1	0	0
sub-107	2	0	0.28704	1	0	0
sub-107	1	0	0.27813	1	0	0
sub-107	8	1	0.31685	1	0	0
sub-107	4	0	0.60696	1	0	0
sub-107	5	0	0.38039	1	0	0
sub-107	3	0	1.21514	1	1	0
sub-107	2	0	0.4525	1	1	0
sub-107	1	0	0.23101	1	1	0
sub-107	4	1	0.3205	1	1	0
sub-107	4	1	0.24247	1	1	0
sub-107	6	1	0.25816	1	1	0
sub-107	7	1	0.34014	1	1	0
sub-107	2	0	0.23645	1	1	0
sub-107	2	0	0.66334	0	0	0
sub-107	3	0	0.8046	0	0	0
sub-107	3	0	0.36289	0	0	0
sub-107	3	0	1.43505	0	0	0
sub-107	3	0	0.38772	0	0	0
sub-107	5	1	0.33048	0	0	0
sub-107	10	1	0.3369	0	0	0
sub-107	1	0	0.55927	0	0	0
sub-107	4	0	0.0322899999999999	1	0	0
sub-107	3	0	0.18906	1	0	0
sub-107	9	1	0.29348	1	0	0
sub-107	3	0	0.03301	1	0	0
sub-107	1	0	0.49998	1	0	0
sub-107	1	0	0.0288299999999999	1	0	0
sub-107	3	0	0.31729	1	0	0
sub-107	10	1	0.36067	1	1	1
sub-107	6	1	0.57845	1	1	1
sub-107	8	1	0.31199	1	1	1
sub-107	9	1	0.0320800000000001	1	1	1
sub-107	10	1	0.26941	1	1	1
sub-107	10	1	0.36056	1	1	1
sub-107	9	1	0.26808	1	1	1
sub-107	1	0	0.80848	1	1	1
sub-107	6	1	0.1982	1	1	0
sub-111	7	1	0.0636000000000001	1	0	1
sub-111	7	1	0.0529299999999999	1	0	1
sub-111	7	1	0.22972	1	0	1
sub-111	9	1	0.20303	1	0	1
sub-111	1	0	0.26772	1	0	1
sub-111	2	0	0.45454	1	0	0
sub-111	3	0	0.0317499999999999	1	0	0
sub-111	2	0	0.0330999999999999	1	0	0
sub-111	1	0	0.02606	0	0	0
sub-111	5	1	0.15164	0	0	0
sub-111	1	0	0.0313000000000001	0	0	0
sub-111	3	0	0.0247999999999999	0	0	0
sub-111	4	0	0.53257	0	0	0
sub-111	1	0	0.30775	1	1	0
sub-111	4	0	0.0219800000000001	1	1	0
sub-111	1	0	0.0230900000000001	1	1	0
sub-111	6	1	0.0310999999999999	0	0	1
sub-111	9	1	0.02372	0	0	1
sub-111	8	1	0.4469	0	0	1
sub-111	10	1	0.0190300000000001	0	0	1
sub-111	4	0	0.16294	0	0	1
sub-111	4	1	1.01921	1	0	1
sub-111	10	1	0.0246599999999999	1	0	1
sub-111	7	1	0.0291399999999999	1	0	1
sub-111	7	1	0.0211600000000001	1	0	1
sub-111	7	1	0.05881	1	0	1
sub-111	7	1	0.01759	1	0	1
sub-111	5	1	0.72667	1	0	1
sub-111	8	1	0.0317099999999999	1	0	1
sub-111	5	1	0.57305	1	1	1
sub-111	7	1	0.0245299999999999	1	1	1
sub-111	9	1	0.03227	1	1	1
sub-111	10	1	0.0197799999999999	1	1	1
sub-111	6	1	0.07748	1	1	1
sub-111	7	1	0.0301499999999999	1	1	1
sub-111	9	1	0.0250999999999999	1	1	1
sub-111	4	1	0.19903	1	1	1
sub-111	8	1	0.02413	1	1	1
sub-111	10	1	0.02295	1	0	1
sub-111	9	1	0.0315300000000001	1	0	1
sub-111	3	1	0.0225200000000001	1	0	0
sub-111	3	1	0.0303100000000001	1	0	0
sub-111	1	0	0.13849	1	0	0
sub-111	10	1	0.0296700000000001	1	0	0
sub-111	3	1	0.01722	1	0	0
sub-111	5	1	0.0251699999999999	1	0	0
sub-111	1	1	0.21805	1	0	0
sub-112	1	1	1.27477	0	0	0
sub-112	10	1	0.44802	1	1	1
sub-112	6	1	0.80433	1	1	1
sub-112	4	1	0.64356	1	1	1
sub-112	10	1	0.89923	1	1	1
sub-112	10	1	0.48827	1	1	1
sub-112	8	1	0.6946	1	1	1
sub-112	7	1	0.4349	1	1	1
sub-112	7	1	0.75611	1	1	1
sub-112	5	1	0.31798	0	0	1
sub-112	10	1	0.52489	0	0	1
sub-112	9	1	0.48088	0	0	1
sub-112	2	0	0.35346	0	0	1
sub-112	10	1	0.69303	0	0	1
sub-112	8	1	0.41541	0	0	1
sub-112	8	1	0.6881	0	0	1
sub-112	10	1	0.66215	0	0	1
sub-112	2	0	0.33873	1	1	1
sub-112	10	1	0.47819	1	1	1
sub-112	6	1	0.43531	1	1	1
sub-112	7	1	0.44105	1	1	1
sub-112	7	1	0.65086	1	1	1
sub-112	8	1	0.52343	1	1	1
sub-112	10	1	0.67944	1	1	1
sub-112	7	1	0.38486	1	1	1
sub-112	8	1	0.46493	1	0	1
sub-112	7	1	0.48877	1	0	1
sub-112	7	1	0.72395	1	0	1
sub-112	3	0	0.42925	1	0	1
sub-112	6	1	0.45171	1	0	1
sub-112	8	1	0.39082	1	0	1
sub-112	7	1	0.58131	1	0	1
sub-112	10	1	0.3371	1	0	1
sub-112	7	1	0.40988	0	0	1
sub-112	10	1	0.44996	0	0	1
sub-112	4	1	0.52238	0	0	1
sub-112	7	1	0.83234	0	0	1
sub-112	6	1	0.60441	0	0	1
sub-112	7	1	0.49371	0	0	1
sub-112	10	1	0.41623	0	0	1
sub-112	1	0	0.35231	0	0	0
sub-112	4	1	0.41256	1	1	0
sub-112	1	0	0.31948	1	1	0
sub-112	4	1	0.37586	1	1	0
sub-112	3	0	0.46559	1	1	0
sub-112	7	1	0.47179	1	1	0
sub-112	6	1	0.51095	1	1	0
sub-112	1	0	0.45022	1	1	0
sub-112	1	0	0.38146	1	0	0
sub-113	1	0	0.58679	0	0	0
sub-113	1	0	0.89297	0	0	0
sub-113	7	0	1.23374	0	0	0
sub-113	1	0	0.47281	0	0	0
sub-113	2	0	0.46159	0	0	0
sub-113	6	0	0.88455	0	0	0
sub-113	1	0	0.37326	0	0	0
sub-113	3	0	0.70438	1	0	0
sub-113	2	0	0.43177	0	0	1
sub-113	5	1	0.9717	0	0	1
sub-113	8	1	0.92745	0	0	1
sub-113	9	1	0.54966	0	0	1
sub-113	8	1	0.84015	0	0	1
sub-113	8	1	0.72943	0	0	1
sub-113	10	1	0.49763	0	0	1
sub-113	5	1	0.925	1	1	0
sub-113	7	1	0.5215	1	1	1
sub-113	8	1	0.44392	1	1	1
sub-113	6	1	0.66633	1	1	1
sub-113	7	1	0.55547	1	1	1
sub-113	9	1	0.46137	1	1	1
sub-113	8	1	0.7665	1	1	1
sub-113	7	1	0.53844	1	1	1
sub-113	5	1	0.96658	1	0	1
sub-113	7	1	0.49871	0	0	1
sub-113	7	1	0.43936	0	0	1
sub-113	9	1	0.44652	0	0	1
sub-113	5	0	0.36891	0	0	1
sub-113	9	1	0.60817	0	0	1
sub-113	4	0	0.51439	0	0	1
sub-113	7	1	0.4703	0	0	1
sub-113	9	1	0.74814	1	0	1
sub-113	7	1	0.46517	0	0	1
sub-113	5	0	0.60455	0	0	1
sub-113	7	1	0.6605	0	0	1
sub-113	9	1	0.41632	0	0	1
sub-113	8	1	0.35547	0	0	1
sub-113	2	0	0.4115	0	0	1
sub-113	7	1	0.36743	0	0	1
sub-113	1	0	0.64664	0	0	0
sub-113	4	0	0.48609	0	0	0
sub-113	5	0	0.40916	0	0	0
sub-113	1	0	0.38152	0	0	0
sub-113	3	0	0.50441	0	0	0
sub-113	10	1	0.64426	0	0	0
sub-113	1	0	0.46632	0	0	0
sub-113	4	0	0.4558	0	0	0
sub-115	8	1	1.23439	0	0	1
sub-115	5	1	1.05769	0	0	1
sub-115	9	1	1.34801	0	0	1
sub-115	7	0	1.03728	0	0	1
sub-115	7	0	0.90701	0	0	1
sub-115	4	0	1.71427	0	0	1
sub-115	8	1	0.80342	0	0	1
sub-115	8	1	0.67942	1	0	1
sub-115	1	1	0.53269	1	0	0
sub-115	1	1	0.90568	1	0	0
sub-115	1	1	1.24462	1	0	0
sub-115	1	0	0.46802	1	0	0
sub-115	4	0	0.5563	1	0	0
sub-115	5	1	0.49712	1	0	0
sub-115	10	1	0.71882	1	0	0
sub-115	9	1	0.47936	1	1	1
sub-115	7	0	0.50359	1	1	1
sub-115	7	0	0.42798	1	1	1
sub-115	8	0	0.61352	1	1	1
sub-115	9	0	0.42217	1	1	1
sub-115	9	0	0.39688	1	1	1
sub-115	3	0	0.63674	1	1	1
sub-115	6	1	0.65929	1	1	1
sub-115	10	1	0.56373	1	0	1
sub-115	3	1	0.384	0	0	0
sub-115	3	1	0.44248	0	0	0
sub-115	7	0	0.51432	0	0	0
sub-115	2	0	0.45446	0	0	0
sub-115	1	1	0.49053	0	0	0
sub-115	2	0	0.34356	0	0	0
sub-115	5	1	0.60331	0	0	0
sub-115	4	0	0.58254	0	0	0
sub-115	2	0	0.39319	0	0	1
sub-115	9	1	0.49992	0	0	1
sub-115	8	1	0.62235	0	0	1
sub-115	7	0	0.39362	0	0	1
sub-115	9	1	0.46595	0	0	1
sub-115	7	0	0.40552	0	0	1
sub-115	3	1	1.34138	1	1	0
sub-115	4	0	0.39774	1	1	0
sub-115	3	1	0.53602	1	1	0
sub-115	8	1	0.65916	1	1	0
sub-115	3	1	1.06567	1	1	0
sub-115	2	0	0.50418	1	1	0
sub-115	5	1	0.44415	1	1	0
sub-115	10	1	0.44005	0	0	0
sub-115	1	1	0.92859	0	0	0
sub-115	4	0	0.4708	0	0	0
sub-116	9	1	0.54443	1	0	0
sub-116	3	0	0.56027	1	0	0
sub-116	3	0	0.43894	1	0	0
sub-116	2	0	0.36624	1	0	0
sub-116	10	1	0.50273	1	1	1
sub-116	10	1	0.38438	1	1	1
sub-116	6	1	0.38423	1	1	1
sub-116	6	0	0.33659	1	0	1
sub-116	9	1	0.26561	1	0	1
sub-116	3	0	0.28367	1	0	1
sub-116	9	1	0.34973	1	0	1
sub-116	7	1	0.38308	1	0	1
sub-116	7	1	0.28888	1	1	1
sub-116	7	1	0.29008	1	1	1
sub-116	7	1	0.2731	1	1	1
sub-116	6	0	0.34216	1	1	1
sub-116	10	1	0.27466	1	1	1
sub-116	2	0	0.35522	1	1	1
sub-116	8	1	0.30406	1	1	1
sub-116	10	1	0.41897	1	1	1
sub-116	7	1	0.55659	0	0	1
sub-116	7	1	0.32049	0	0	1
sub-116	7	1	0.33453	0	0	1
sub-116	10	1	0.35616	0	0	1
sub-116	10	1	0.30398	0	0	1
sub-116	2	0	0.43738	0	0	1
sub-116	7	1	0.54874	0	0	1
sub-116	10	1	0.23324	0	0	1
sub-116	2	0	0.65431	0	0	0
sub-116	5	0	0.30491	0	0	0
sub-116	1	0	0.33054	1	1	0
sub-116	8	1	0.4135	1	1	0
sub-116	3	0	0.39681	1	1	0
sub-116	1	0	0.34487	1	1	0
sub-116	6	0	0.26197	1	1	0
sub-116	2	0	0.28883	1	1	0
sub-116	2	0	0.34708	1	0	0
sub-116	1	0	0.0287500000000001	1	0	0
sub-116	5	0	0.40491	1	0	1
sub-116	8	1	0.30365	1	0	1
sub-116	8	1	0.33725	1	0	1
sub-116	7	1	0.33238	1	0	1
sub-116	10	1	0.3438	1	0	1
sub-116	9	1	0.32636	1	0	1
sub-116	3	0	0.40942	1	0	1
sub-116	2	0	0.35617	0	0	0
sub-117	7	1	0.0268299999999999	0	0	1
sub-117	7	1	0.42449	0	0	1
sub-117	8	1	0.43852	0	0	1
sub-117	5	1	0.47042	0	0	1
sub-117	8	1	0.40132	0	0	1
sub-117	9	1	0.38699	0	0	1
sub-117	10	1	0.30273	0	0	1
sub-117	1	0	0.46982	0	0	1
sub-117	8	1	0.45434	0	0	1
sub-117	8	1	0.47217	0	0	1
sub-117	5	1	0.54047	0	0	1
sub-117	10	1	0.3373	0	0	1
sub-117	8	1	0.35495	0	0	1
sub-117	7	1	0.30509	0	0	1
sub-117	8	1	0.34401	0	0	1
sub-117	1	0	0.42703	0	0	1
sub-117	2	1	0.5971	1	0	0
sub-117	1	0	0.54957	1	0	0
sub-117	1	0	0.33557	1	0	0
sub-117	1	0	0.35282	1	0	0
sub-117	1	0	1.0002	1	0	0
sub-117	6	1	0.317	1	0	0
sub-117	10	1	0.43415	1	0	0
sub-117	3	1	0.38565	1	0	0
sub-117	7	1	0.65504	1	0	1
sub-117	9	1	0.37639	1	0	1
sub-117	7	1	0.29653	1	0	1
sub-117	8	1	0.3298	1	0	1
sub-117	10	1	0.28267	1	0	1
sub-117	1	0	0.33494	1	0	1
sub-117	9	1	0.41755	1	0	1
sub-117	5	1	0.33461	1	0	1
sub-117	2	1	0.58684	0	0	0
sub-117	1	0	0.48485	0	0	0
sub-117	4	1	0.28452	0	0	0
sub-117	4	1	0.37169	0	0	0
sub-117	9	1	0.32029	0	0	0
sub-117	3	1	0.47128	0	0	0
sub-117	1	0	0.52293	0	0	0
sub-117	6	1	1.17406	0	0	0
sub-117	2	1	0.40385	1	1	0
sub-117	4	1	0.44044	1	1	0
sub-117	9	1	0.25761	1	1	0
sub-117	1	0	0.35516	1	1	0
sub-117	4	1	0.33912	1	1	0
sub-117	2	1	0.33595	1	1	0
sub-117	2	1	0.3205	1	1	0
sub-117	5	1	0.33725	1	1	0
sub-118	7	0	0.85234	0	0	0
sub-118	1	0	0.57814	0	0	0
sub-118	3	0	0.81281	0	0	0
sub-118	5	0	0.40834	0	0	0
sub-118	2	0	0.31093	0	0	0
sub-118	2	1	0.27423	0	0	0
sub-118	2	1	0.36111	0	0	0
sub-118	3	1	0.32818	0	0	0
sub-118	10	1	0.80454	1	0	1
sub-118	7	1	0.43932	1	0	1
sub-118	8	1	0.2955	1	0	1
sub-118	10	1	0.0253300000000001	1	0	1
sub-118	5	0	0.51282	1	0	1
sub-118	9	1	0.46775	1	0	1
sub-118	2	0	0.32366	1	0	1
sub-118	9	1	0.02441	1	0	1
sub-118	5	1	0.36212	1	0	0
sub-118	3	0	0.52105	1	0	0
sub-118	3	0	0.35391	1	0	0
sub-118	9	1	0.35949	1	0	0
sub-118	3	0	0.43607	1	0	0
sub-118	3	0	0.4609	1	0	0
sub-118	4	0	0.33694	1	0	0
sub-118	1	0	0.29411	1	0	0
sub-118	3	0	0.64704	1	0	0
sub-118	4	0	0.22476	1	0	0
sub-118	10	1	0.24422	1	0	0
sub-118	6	1	0.3603	1	0	0
sub-118	3	0	0.31459	1	0	0
sub-118	3	1	0.0245599999999999	1	0	0
sub-118	4	0	0.51689	1	0	0
sub-118	3	0	0.33559	1	0	0
sub-118	7	1	1.01865	0	0	1
sub-118	5	1	0.39435	0	0	1
sub-118	1	1	0.32816	0	0	1
sub-118	9	1	0.53088	0	0	1
sub-118	10	1	0.33836	0	0	1
sub-118	7	1	0.35297	0	0	1
sub-118	10	1	0.37318	0	0	1
sub-118	10	1	0.34577	0	0	1
sub-118	2	1	0.55281	1	1	0
sub-118	8	1	0.35857	1	1	0
sub-118	1	1	0.38493	1	1	0
sub-118	1	1	0.64629	1	1	0
sub-118	3	1	0.21448	1	1	0
sub-118	4	1	0.0286599999999999	1	1	0
sub-118	5	1	0.01973	1	1	0
sub-118	3	1	0.25367	1	1	0
sub-120	4	0	0.32117	1	1	0
sub-120	8	1	0.0278799999999999	1	1	0
sub-120	3	0	0.2679	1	1	0
sub-120	3	0	0.2747	1	1	0
sub-120	4	0	0.0304199999999999	1	1	0
sub-120	3	0	0.36987	1	1	0
sub-120	1	0	0.0253699999999999	1	1	0
sub-120	5	1	0.63191	1	1	0
sub-120	7	1	0.24423	0	0	1
sub-120	10	1	0.0676699999999999	0	0	1
sub-120	6	0	0.02407	0	0	1
sub-120	7	0	0.02997	0	0	1
sub-120	10	1	0.18631	0	0	1
sub-120	3	0	0.25899	0	0	1
sub-120	7	1	0.13157	0	0	1
sub-120	8	1	0.33748	0	0	1
sub-120	9	1	0.24362	1	0	1
sub-120	10	1	0.26602	1	0	1
sub-120	8	1	0.02383	1	0	1
sub-120	4	0	0.0296099999999999	1	0	1
sub-120	6	0	0.01864	1	0	1
sub-120	8	1	0.0244899999999999	1	0	1
sub-120	7	1	0.0305200000000001	1	0	1
sub-120	8	1	0.01976	1	0	1
sub-120	4	0	0.0176799999999999	1	1	0
sub-120	1	0	0.02599	1	1	0
sub-120	2	0	0.032	1	1	0
sub-120	4	0	0.17252	1	1	0
sub-120	7	1	0.0292600000000001	1	1	0
sub-120	5	0	0.01823	1	1	0
sub-120	2	0	0.0246	1	1	0
sub-120	2	0	0.03009	1	1	0
sub-120	9	1	0.24861	1	0	1
sub-120	9	1	0.0209600000000001	1	0	1
sub-120	8	1	0.06029	1	0	1
sub-120	10	1	0.0328299999999999	1	0	1
sub-120	2	0	0.12319	1	0	1
sub-120	6	1	0.346	1	0	1
sub-120	9	1	0.08527	1	0	1
sub-120	7	1	0.02403	1	0	1
sub-120	3	0	0.03051	0	0	0
sub-120	2	0	0.38888	0	0	0
sub-120	6	1	0.0276000000000001	0	0	0
sub-120	10	1	0.01691	0	0	0
sub-120	1	0	0.02389	0	0	0
sub-120	1	0	0.02979	0	0	0
sub-120	4	0	0.01909	0	0	0
sub-120	2	0	0.0249999999999999	0	0	0
sub-121	3	0	0.4774	0	0	0
sub-121	3	0	0.41488	0	0	0
sub-121	6	0	0.57994	0	0	0
sub-121	2	0	0.4614	0	0	0
sub-121	7	1	0.42693	0	0	0
sub-121	2	0	0.30607	0	0	0
sub-121	3	0	0.39166	0	0	0
sub-121	2	0	0.38609	0	0	0
sub-121	5	1	0.91499	0	0	0
sub-121	1	0	0.381	0	0	0
sub-121	2	0	1.01309	0	0	0
sub-121	4	0	0.36048	0	0	0
sub-121	2	0	0.0255399999999999	0	0	0
sub-121	7	1	0.39264	0	0	0
sub-121	2	0	0.38352	0	0	0
sub-121	1	0	1.0312	0	0	0
sub-121	9	1	0.31253	1	0	1
sub-121	10	1	0.4331	1	0	1
sub-121	1	0	0.20961	1	0	1
sub-121	10	1	0.2267	1	0	1
sub-121	10	1	0.31357	1	0	1
sub-121	6	1	0.41011	1	0	1
sub-121	7	1	0.4118	1	0	1
sub-121	9	1	0.345	1	0	1
sub-121	5	1	0.63503	1	1	0
sub-121	8	1	0.45195	1	1	0
sub-121	4	1	0.50309	1	1	0
sub-121	1	0	0.56626	1	1	0
sub-121	1	0	0.3631	1	1	0
sub-121	1	0	0.40473	1	1	0
sub-121	1	0	0.3962	1	1	0
sub-121	4	1	0.25999	1	1	0
sub-121	1	0	0.02718	0	0	0
sub-121	1	0	0.0204299999999999	0	0	0
sub-121	2	0	0.0171699999999999	0	0	0
sub-121	3	0	0.08498	0	0	0
sub-121	4	1	0.35092	0	0	0
sub-121	4	1	0.33135	0	0	0
sub-121	9	1	0.2813	0	0	0
sub-121	6	1	0.2114	0	0	0
sub-121	5	1	0.37951	0	0	1
sub-121	7	1	0.0216799999999999	0	0	1
sub-121	8	1	0.0184200000000001	0	0	1
sub-121	7	1	0.0211699999999999	0	0	1
sub-121	8	1	0.02176	0	0	1
sub-121	8	1	0.0196499999999999	0	0	1
sub-121	3	1	1.02021	0	0	1
sub-121	7	1	0.40133	0	0	1
sub-122	2	0	0.0330699999999999	1	0	0
sub-122	1	0	0.72482	1	0	0
sub-122	3	1	0.66788	1	0	0
sub-122	5	1	1.34151	1	0	0
sub-122	2	1	1.04893	1	0	0
sub-122	4	1	0.83449	1	0	0
sub-122	7	1	0.75709	1	0	0
sub-122	1	1	0.89654	1	1	0
sub-122	2	1	0.58779	1	1	0
sub-122	6	1	0.6632	1	1	0
sub-122	1	1	0.439	1	1	0
sub-122	8	1	0.66298	1	1	0
sub-122	1	1	0.68549	1	1	0
sub-122	2	1	0.59726	1	1	0
sub-122	3	1	0.68064	1	1	0
sub-122	10	1	0.70434	0	0	1
sub-122	10	1	0.53659	1	1	1
sub-122	10	1	0.67334	1	1	1
sub-122	8	1	0.52949	1	1	1
sub-122	2	1	0.73628	1	1	1
sub-122	7	1	0.7421	1	1	1
sub-122	6	1	0.49737	1	1	1
sub-122	7	1	0.62165	1	1	1
sub-122	4	1	0.68321	0	0	0
sub-122	8	1	0.50602	0	0	0
sub-122	4	1	1.06667	0	0	0
sub-122	5	1	0.80109	0	0	0
sub-122	3	1	0.8405	0	0	0
sub-122	1	1	0.7114	0	0	0
sub-122	1	1	0.47061	0	0	0
sub-122	1	1	0.57804	0	0	0
sub-122	6	1	0.57401	0	0	1
sub-122	8	1	0.54962	1	1	1
sub-122	7	1	0.4846	1	1	1
sub-122	9	1	1.02619	1	1	1
sub-122	10	1	0.66414	1	1	1
sub-122	7	1	0.4383	1	1	1
sub-122	9	1	0.62887	1	1	1
sub-122	1	1	1.45273	1	1	1
sub-122	2	1	0.79379	1	0	0
sub-122	10	1	0.57228	1	1	1
sub-122	7	1	0.59793	1	1	1
sub-122	7	1	0.46713	1	1	1
sub-122	1	0	0.87285	1	1	1
sub-122	8	1	0.51281	1	1	1
sub-122	8	1	0.53716	1	1	1
sub-122	6	1	0.69273	1	1	1
sub-124	7	1	0.40018	0	0	0
sub-124	1	1	0.76849	1	0	0
sub-124	8	1	1.13901	1	0	0
sub-124	1	1	0.36247	1	0	0
sub-124	5	1	0.0179800000000001	1	0	0
sub-124	4	1	0.30727	1	0	0
sub-124	2	1	0.69814	1	0	0
sub-124	3	1	0.27217	1	0	0
sub-124	7	1	0.65767	1	1	1
sub-124	4	1	1.03678	1	1	0
sub-124	5	1	1.29367	1	1	0
sub-124	1	0	0.78232	1	1	0
sub-124	1	0	0.33964	1	1	0
sub-124	8	1	0.43069	1	1	0
sub-124	3	1	0.53706	1	1	0
sub-124	2	1	0.49398	1	1	0
sub-124	9	1	0.80734	1	0	1
sub-124	8	1	0.45535	1	0	1
sub-124	8	1	0.0259499999999999	1	0	1
sub-124	7	1	0.25197	1	0	1
sub-124	10	1	0.34187	1	0	1
sub-124	10	1	0.71473	1	0	1
sub-124	6	1	0.35499	1	0	1
sub-124	4	1	0.44516	1	0	1
sub-124	9	1	0.62358	1	1	0
sub-124	4	1	0.44606	1	1	0
sub-124	3	1	0.4529	1	1	0
sub-124	1	0	0.35876	1	1	0
sub-124	5	1	0.36439	1	1	0
sub-124	3	1	0.38602	1	1	0
sub-124	4	1	0.45974	1	1	0
sub-124	3	1	0.7826	1	1	0
sub-124	3	1	0.64366	0	0	0
sub-124	10	1	0.48369	1	0	1
sub-124	3	1	0.3571	1	0	1
sub-124	6	1	0.41457	1	0	1
sub-124	7	1	0.01949	1	0	1
sub-124	10	1	0.0275399999999999	1	0	1
sub-124	8	1	0.33087	1	0	1
sub-124	9	1	0.28869	1	0	1
sub-124	2	1	1.47464	0	0	0
sub-124	7	1	0.42009	1	1	1
sub-124	7	1	0.72746	1	1	1
sub-124	7	1	0.63448	1	1	1
sub-124	8	1	0.7755	1	1	1
sub-124	8	1	0.61349	1	1	1
sub-124	6	1	0.75224	1	1	1
sub-124	4	1	0.7242	1	1	1
sub-124	3	1	0.50358	1	0	0
sub-125	4	0	1.1529	1	1	0
sub-125	6	0	1.06749	1	1	0
sub-125	2	0	0.95251	1	1	0
sub-125	1	0	0.86874	1	1	0
sub-125	1	0	1.18683	1	1	0
sub-125	3	1	0.70485	1	1	0
sub-125	8	1	0.78359	1	0	1
sub-125	9	1	0.35642	1	0	1
sub-125	7	0	0.78733	1	0	1
sub-125	7	0	0.70381	1	0	1
sub-125	7	1	0.50565	1	0	1
sub-125	4	0	0.38767	1	0	1
sub-125	9	1	0.38528	1	0	1
sub-125	1	0	0.44248	1	1	0
sub-125	7	1	0.5591	1	1	0
sub-125	8	1	0.60657	0	0	1
sub-125	1	0	0.60514	0	0	1
sub-125	8	0	0.60025	0	0	1
sub-125	6	1	1.13386	0	0	1
sub-125	8	1	0.50033	0	0	1
sub-125	9	1	0.59986	0	0	1
sub-125	3	0	0.45601	1	0	0
sub-125	3	0	0.42133	1	0	0
sub-125	5	1	0.84854	0	0	0
sub-125	2	0	0.48276	0	0	0
sub-125	4	0	0.81545	0	0	0
sub-125	3	0	0.61654	0	0	0
sub-125	2	0	0.73296	0	0	0
sub-125	1	0	0.53232	0	0	0
sub-125	7	1	0.52993	1	0	1
sub-125	6	1	0.0272399999999999	1	0	1
sub-125	10	1	0.49794	1	1	1
sub-125	6	0	0.64669	1	1	1
sub-125	7	1	0.46116	1	1	1
sub-125	10	1	0.74849	1	1	1
sub-125	7	1	1.17974	1	1	1
sub-125	1	0	0.53044	1	1	1
sub-125	2	0	0.52615	1	1	0
sub-125	1	0	0.52888	1	1	0
sub-125	7	1	0.7986	0	0	1
sub-125	6	1	0.66053	0	0	1
sub-125	7	1	1.04316	0	0	1
sub-125	4	0	0.54371	0	0	1
sub-125	7	1	0.60927	0	0	1
sub-125	9	1	0.62802	0	0	1
sub-125	10	1	0.60194	1	0	0
sub-125	1	0	0.4195	1	0	0
sub-127	4	0	0.42321	1	1	0
sub-127	2	0	0.43118	1	1	0
sub-127	9	1	0.53736	1	1	0
sub-127	4	0	0.42626	1	1	0
sub-127	2	0	0.44936	1	1	0
sub-127	1	0	0.38822	1	1	0
sub-127	1	0	0.49406	1	1	0
sub-127	9	1	0.42231	0	0	1
sub-127	10	1	0.44711	0	0	1
sub-127	7	0	0.63643	0	0	1
sub-127	4	0	0.60899	0	0	1
sub-127	8	1	0.44843	0	0	1
sub-127	7	0	0.4875	0	0	1
sub-127	8	1	0.47683	0	0	1
sub-127	5	0	0.36597	0	0	1
sub-127	9	1	0.42677	1	1	1
sub-127	1	0	0.24056	1	0	0
sub-127	9	1	0.51452	1	0	0
sub-127	2	0	0.42055	1	0	0
sub-127	4	0	0.37658	1	0	0
sub-127	4	0	0.51681	1	0	0
sub-127	1	0	0.4904	1	0	0
sub-127	5	0	0.56285	1	0	0
sub-127	1	0	0.44395	1	1	0
sub-127	4	0	0.42858	0	0	0
sub-127	2	0	0.48445	0	0	0
sub-127	2	0	0.47478	0	0	0
sub-127	10	1	0.4973	0	0	0
sub-127	5	0	0.45325	0	0	0
sub-127	4	0	0.41023	0	0	0
sub-127	3	0	0.4328	0	0	0
sub-127	8	1	0.32119	1	0	1
sub-127	1	0	0.47779	1	0	1
sub-127	8	1	0.41902	1	0	1
sub-127	6	0	0.47516	1	0	1
sub-127	9	1	0.44769	1	0	1
sub-127	10	1	0.70379	1	0	1
sub-127	9	1	0.59402	1	0	1
sub-127	7	0	0.48425	1	0	1
sub-127	6	0	0.31377	1	0	0
sub-127	9	1	0.54812	1	1	1
sub-127	5	0	0.38847	1	1	1
sub-127	7	0	0.44435	1	1	1
sub-127	8	1	0.45011	1	1	1
sub-127	9	1	0.53965	1	1	1
sub-127	10	1	0.31205	1	1	1
sub-127	2	0	0.01718	1	1	1
sub-127	4	0	0.79961	0	0	0
sub-128	2	0	0.0295399999999999	0	0	1
sub-128	9	0	0.01891	0	0	1
sub-128	5	0	0.0247599999999999	0	0	1
sub-128	8	0	0.03037	0	0	1
sub-128	9	0	0.0200800000000001	0	0	1
sub-128	9	0	0.02593	0	0	1
sub-128	10	1	0.0315099999999999	0	0	1
sub-128	5	0	0.12929	1	1	0
sub-128	4	0	0.0184	1	1	0
sub-128	3	0	0.02528	1	1	0
sub-128	9	0	0.0313699999999999	1	1	0
sub-128	3	0	0.0215399999999999	1	1	0
sub-128	4	0	0.0190600000000001	1	1	0
sub-128	4	0	0.0251399999999999	1	1	0
sub-128	3	0	0.0311600000000001	1	1	0
sub-128	7	0	0.34627	0	0	1
sub-128	9	0	0.08656	1	1	0
sub-128	4	0	0.0441199999999999	1	1	0
sub-128	1	0	0.55053	1	1	0
sub-128	3	0	0.02223	1	1	0
sub-128	6	0	0.02816	1	1	0
sub-128	4	0	0.01752	1	1	0
sub-128	1	0	0.0245599999999999	1	1	0
sub-128	4	0	0.0303	1	1	0
sub-128	8	0	0.0250999999999999	1	0	1
sub-128	6	0	0.0319100000000001	1	0	1
sub-128	10	1	0.02223	1	0	1
sub-128	8	0	0.0279400000000001	1	0	1
sub-128	8	0	0.0173000000000001	1	0	1
sub-128	3	0	0.0912900000000001	1	0	1
sub-128	10	1	0.03047	1	0	1
sub-128	7	0	0.01959	1	0	1
sub-128	5	0	0.03196	1	0	1
sub-128	7	0	0.02234	1	0	1
sub-128	7	0	0.02956	1	0	1
sub-128	7	0	0.0187299999999999	1	0	1
sub-128	10	1	0.0250699999999999	1	0	1
sub-128	8	0	0.0305899999999999	1	0	1
sub-128	8	0	0.0197799999999999	1	0	1
sub-128	1	0	0.05932	1	0	1
sub-128	3	0	0.292	1	0	0
sub-128	1	0	0.03077	1	0	0
sub-128	4	0	0.02112	1	0	0
sub-128	3	0	0.0271600000000001	1	0	0
sub-128	1	0	0.0328599999999999	1	0	0
sub-128	4	0	0.0233000000000001	1	0	0
sub-128	6	0	0.26302	1	0	0
sub-128	8	0	0.0186500000000001	1	0	0
sub-128	10	1	0.0314000000000001	1	1	1
sub-129	9	1	0.80538	0	0	1
sub-129	9	1	0.67801	0	0	1
sub-129	7	1	0.71723	0	0	1
sub-129	9	1	0.13934	0	0	1
sub-129	1	0	0.76214	0	0	1
sub-129	6	0	0.80158	0	0	1
sub-129	7	1	0.0809899999999999	1	0	1
sub-129	1	0	0.16206	0	0	0
sub-129	4	0	0.36911	0	0	0
sub-129	5	1	0.22496	0	0	0
sub-129	2	0	0.0300499999999999	0	0	0
sub-129	3	0	0.20324	0	0	0
sub-129	2	0	0.21031	0	0	0
sub-129	9	1	0.03244	0	0	0
sub-129	8	1	0.03237	0	0	1
sub-129	10	1	0.0273000000000001	1	1	1
sub-129	10	1	0.0171300000000001	1	1	1
sub-129	10	1	0.0252399999999999	1	1	1
sub-129	2	0	0.16491	1	1	1
sub-129	10	1	0.0205200000000001	1	1	1
sub-129	8	1	0.02667	1	1	1
sub-129	6	1	0.0326200000000001	1	1	1
sub-129	3	0	0.0248900000000001	0	0	0
sub-129	3	0	0.45669	1	1	0
sub-129	3	0	0.02901	1	1	0
sub-129	8	1	0.0194700000000001	1	1	0
sub-129	1	0	0.02518	1	1	0
sub-129	3	0	0.03101	1	1	0
sub-129	2	0	0.0213699999999999	1	1	0
sub-129	3	0	0.02742	1	1	0
sub-129	6	1	0.0257799999999999	1	1	1
sub-129	9	1	0.02041	0	0	1
sub-129	1	0	0.0274300000000001	0	0	1
sub-129	10	1	0.0169999999999999	0	0	1
sub-129	9	1	0.02403	0	0	1
sub-129	9	1	0.02966	0	0	1
sub-129	9	1	0.01915	0	0	1
sub-129	6	1	0.0247299999999999	0	0	1
sub-129	9	1	0.0308299999999999	0	0	1
sub-129	8	1	0.27906	1	0	1
sub-129	9	1	0.0180400000000001	1	0	1
sub-129	1	0	0.0250699999999999	1	0	1
sub-129	9	1	0.03077	1	0	1
sub-129	8	1	0.02136	1	0	1
sub-129	6	1	0.02715	1	0	1
sub-129	10	1	0.0329200000000001	1	0	1
sub-131	4	1	1.6786	1	1	0
sub-131	2	1	0.80195	1	1	0
sub-131	7	1	0.72714	1	1	0
sub-131	4	1	0.46554	1	1	0
sub-131	5	1	1.04121	1	1	0
sub-131	4	1	0.74186	1	1	0
sub-131	2	0	0.96902	1	1	0
sub-131	3	1	1.55746	1	1	0
sub-131	4	0	1.04241	1	0	1
sub-131	8	0	1.54672	1	0	1
sub-131	7	0	0.66949	1	0	1
sub-131	8	1	1.09299	1	0	1
sub-131	8	1	0.90036	1	0	1
sub-131	8	1	1.0235	1	0	1
sub-131	5	0	1.49641	1	0	1
sub-131	2	0	0.48612	1	0	0
sub-131	2	0	0.27548	1	0	0
sub-131	1	0	0.66857	1	0	0
sub-131	1	0	0.22029	1	0	0
sub-131	9	1	1.02613	1	0	0
sub-131	5	1	0.93315	1	0	0
sub-131	2	0	0.37163	1	0	0
sub-131	3	0	1.06065	1	0	0
sub-131	5	1	0.68986	0	0	1
sub-131	10	1	0.0496000000000001	1	1	0
sub-131	3	1	1.02515	1	1	0
sub-131	1	0	0.61479	1	1	0
sub-131	2	0	0.97088	1	1	0
sub-131	3	0	0.69088	1	1	0
sub-131	3	1	1.58593	0	0	0
sub-131	8	1	0.54395	0	0	0
sub-131	1	1	0.63429	0	0	0
sub-131	4	1	0.70347	1	0	0
sub-131	2	1	0.02684	1	0	0
sub-131	4	1	0.0172600000000001	1	0	0
sub-131	2	1	0.53688	1	0	0
sub-131	1	1	0.07629	1	0	0
sub-131	1	1	1.01469	1	1	0
sub-131	2	1	0.11963	1	1	0
sub-131	1	1	0.02241	1	1	0
sub-131	10	1	0.01868	1	0	1
sub-131	2	1	0.0275000000000001	1	0	1
sub-131	7	1	0.01762	1	0	1
sub-131	6	1	0.02101	1	0	1
sub-131	7	1	0.02911	1	0	1
sub-131	2	1	1.22556	0	0	0
sub-131	2	1	0.56385	0	0	0
sub-131	7	1	0.0185599999999999	0	0	0
sub-135	7	0	0.90687	1	0	0
sub-135	1	0	0.61347	1	0	0
sub-135	1	1	0.68548	1	0	0
sub-135	1	0	0.45832	1	0	0
sub-135	1	0	0.54451	0	0	1
sub-135	7	1	0.61725	0	0	1
sub-135	9	1	0.58988	0	0	1
sub-135	10	1	0.18924	1	0	1
sub-135	7	0	0.17936	1	0	1
sub-135	8	0	0.08528	1	0	1
sub-135	5	0	0.17458	1	0	1
sub-135	5	0	0.27384	1	1	1
sub-135	9	0	0.44761	1	1	1
sub-135	1	0	0.43683	1	1	1
sub-135	10	1	0.0258100000000001	1	1	1
sub-135	10	1	0.0314700000000001	1	1	1
sub-135	9	0	0.07239	1	1	1
sub-135	7	0	0.02783	1	1	1
sub-135	7	0	0.01709	1	1	1
sub-135	7	0	0.70682	1	1	0
sub-135	2	0	0.42927	1	1	0
sub-135	3	0	0.97578	1	1	0
sub-135	6	0	0.32229	1	1	0
sub-135	1	0	0.02626	0	0	0
sub-135	6	0	0.0322199999999999	0	0	0
sub-135	3	0	0.0225900000000001	0	0	0
sub-135	3	0	0.02824	0	0	0
sub-135	8	0	0.03294	0	0	0
sub-135	3	0	0.02481	0	0	0
sub-135	2	0	0.31699	1	1	0
sub-135	4	0	0.0218799999999999	1	1	0
sub-135	2	0	0.07847	1	0	0
sub-135	8	0	0.01894	1	0	0
sub-135	1	0	0.0247599999999999	1	0	0
sub-135	5	0	0.03077	1	0	0
sub-135	9	0	0.14583	1	1	1
sub-135	3	0	0.0178199999999999	1	1	1
sub-135	7	0	0.07639	1	1	1
sub-135	8	0	1.4835	1	1	1
sub-135	4	0	0.0244	0	0	0
sub-135	2	0	0.03026	0	0	0
sub-136	10	1	1.72414	1	0	1
sub-136	9	1	1.4925	1	0	1
sub-136	4	1	0.91875	1	0	1
sub-136	8	1	0.59948	1	0	1
sub-136	10	1	0.18852	1	0	1
sub-136	8	1	0.1294	1	0	1
sub-136	3	1	0.99136	0	0	0
sub-136	6	1	0.0227999999999999	0	0	0
sub-136	10	1	0.6407	0	0	1
sub-136	9	1	0.19407	0	0	1
sub-136	5	1	0.03884	0	0	1
sub-136	1	0	0.32116	0	0	1
sub-136	8	1	0.28432	0	0	1
sub-136	8	1	0.02128	0	0	1
sub-136	9	1	0.40659	0	0	1
sub-136	9	1	0.02077	0	0	1
sub-136	1	0	0.57831	1	1	0
sub-136	6	1	0.0290600000000001	1	1	0
sub-136	1	0	0.0265599999999999	1	1	0
sub-136	3	0	0.97789	1	1	0
sub-136	1	0	0.0266299999999999	1	1	0
sub-136	5	1	0.25025	1	0	0
sub-136	1	0	1.48308	1	0	0
sub-136	1	0	0.0685	1	0	0
sub-136	1	0	0.43132	1	1	0
sub-136	3	1	0.60644	1	1	0
sub-136	2	1	0.96334	1	1	0
sub-136	7	1	0.02833	1	1	0
sub-136	3	1	0.19766	1	1	0
sub-136	7	1	0.0316399999999999	1	0	1
sub-136	9	1	0.39722	1	0	1
sub-136	10	1	0.0289999999999999	1	0	1
sub-136	9	1	0.23721	1	1	1
sub-136	9	1	0.15421	1	1	1
sub-136	7	1	0.02031	1	1	1
sub-136	6	1	0.0186500000000001	1	1	1
sub-136	1	0	0.01844	1	1	1
sub-136	3	1	1.17389	0	0	0
sub-136	3	1	0.0211699999999999	0	0	0
sub-136	3	0	0.91992	0	0	0
sub-136	5	1	0.41774	1	0	0
sub-136	2	1	0.2853	1	0	0
sub-136	3	1	0.0200499999999999	1	0	0
sub-136	4	1	0.0199	1	0	0
sub-136	3	1	0.03454	1	0	0
sub-137	7	0	0.97936	1	1	1
sub-137	8	1	0.0175700000000001	1	1	1
sub-137	7	1	0.93332	1	0	1
sub-137	6	0	0.0895699999999999	1	0	1
sub-137	8	1	0.02979	1	0	1
sub-137	10	1	0.51959	1	0	1
sub-137	1	0	0.17508	1	0	1
sub-137	7	1	0.61474	1	0	1
sub-137	7	1	0.53762	1	0	1
sub-137	7	1	0.50984	1	0	1
sub-137	1	0	0.30571	1	0	0
sub-137	3	0	0.0944799999999999	1	0	0
sub-137	5	0	0.16846	1	0	0
sub-137	10	1	0.02393	1	0	0
sub-137	4	0	0.02956	1	0	0
sub-137	4	0	0.0254700000000001	1	1	0
sub-137	8	1	0.19857	1	1	0
sub-137	4	0	0.0206	1	1	0
sub-137	8	1	0.2175	1	0	0
sub-137	6	0	0.22547	1	0	0
sub-137	1	0	0.19831	1	0	0
sub-137	1	0	0.0203199999999999	1	0	0
sub-137	1	0	0.04322	1	0	0
sub-137	7	1	0.59802	0	0	1
sub-137	8	1	0.58721	0	0	1
sub-137	6	0	1.01016	0	0	1
sub-137	9	1	0.53233	0	0	1
sub-137	10	1	0.52815	1	1	1
sub-137	6	1	1.98595	1	1	1
sub-137	7	1	0.3918	1	1	1
sub-137	4	0	0.0299400000000001	1	1	0
sub-137	2	0	0.0529599999999999	1	1	0
sub-137	1	0	0.29225	1	1	0
sub-137	2	0	0.03105	1	1	0
sub-137	3	0	0.02827	1	1	0
sub-137	3	0	0.14476	0	0	1
sub-137	9	1	0.02304	0	0	1
sub-137	7	1	0.40618	0	0	1
sub-137	5	0	0.20189	1	0	1
sub-137	8	1	0.40813	1	0	1
sub-137	10	1	0.18167	1	0	1
sub-137	4	0	0.30439	1	0	1
sub-137	8	1	0.20998	1	0	1
sub-137	5	1	1.95644	1	1	1
sub-137	8	1	0.47854	1	1	1
sub-137	7	1	0.40101	1	1	1
sub-138	1	1	1.59912	0	0	0
sub-138	3	1	0.0214000000000001	0	0	0
sub-138	8	1	0.02031	0	0	0
sub-138	1	1	0.0428599999999999	0	0	0
sub-138	10	1	0.02623	1	0	1
sub-138	8	1	0.0335799999999999	1	0	1
sub-138	7	1	0.02444	1	0	1
sub-138	9	1	0.0306900000000001	1	0	1
sub-138	4	0	1.8051	1	0	1
sub-138	6	1	0.15948	1	0	1
sub-138	8	1	0.11586	1	0	1
sub-138	8	1	0.13783	1	0	1
sub-138	10	1	0.01905	1	1	1
sub-138	9	1	0.0259199999999999	1	1	1
sub-138	10	1	0.18227	1	1	1
sub-138	4	1	0.0268200000000001	1	0	0
sub-138	8	1	0.0326599999999999	1	0	0
sub-138	3	1	0.0400199999999999	1	0	0
sub-138	3	0	0.0959700000000001	1	0	0
sub-138	3	1	0.01936	1	0	0
sub-138	10	1	0.18411	1	1	1
sub-138	9	1	1.00859	1	1	1
sub-138	10	1	0.03007	1	1	1
sub-138	10	1	0.39479	0	0	1
sub-138	5	1	0.76758	0	0	1
sub-138	7	1	0.02376	0	0	1
sub-138	9	1	0.02931	0	0	1
sub-138	7	1	0.06905	0	0	1
sub-138	8	1	0.46402	1	0	1
sub-138	10	1	0.0194099999999999	1	0	1
sub-138	7	1	0.19335	1	0	1
sub-138	1	0	1.21513	1	0	0
sub-138	4	0	0.65393	1	0	0
sub-138	1	0	0.36064	1	0	0
sub-138	3	1	0.70025	1	0	0
sub-138	4	0	1.41342	1	1	0
sub-138	4	1	0.63516	1	1	0
sub-138	2	1	1.4423	1	1	0
sub-138	2	1	0.78053	1	1	0
sub-138	7	1	0.14206	1	0	1
sub-138	5	1	1.43336	1	0	1
sub-138	1	1	1.42997	1	1	0
sub-138	7	1	0.0186299999999999	1	1	0
sub-138	6	1	0.0247900000000001	1	1	0
sub-138	1	0	1.63216	1	1	0
sub-138	3	0	0.85322	1	1	0
sub-138	2	1	0.0325500000000001	1	1	0
sub-138	10	1	0.0283	0	0	1
sub-138	7	1	0.28515	0	0	1
sub-138	9	1	0.95792	0	0	1
sub-138	7	1	0.09684	0	0	1
sub-140	8	1	0.74646	1	0	1
sub-140	4	1	0.736	1	0	1
sub-140	7	1	0.19255	1	0	1
sub-140	7	0	1.21599	1	0	1
sub-140	9	1	0.03949	1	1	1
sub-140	4	0	0.22868	1	1	1
sub-140	10	1	0.30145	1	1	1
sub-140	7	1	0.15759	1	1	1
sub-140	8	1	0.21426	1	1	1
sub-140	9	1	0.29234	0	0	1
sub-140	9	1	0.03237	0	0	1
sub-140	7	1	0.0225200000000001	0	0	1
sub-140	9	1	0.02911	1	1	1
sub-140	9	1	0.0177	1	1	1
sub-140	6	1	0.14213	1	1	1
sub-140	7	1	0.03243	1	1	1
sub-140	10	1	0.0228999999999999	1	1	1
sub-140	1	0	1.68949	1	0	0
sub-140	2	0	0.96323	1	0	0
sub-140	10	1	0.0181899999999999	1	0	0
sub-140	1	1	0.37447	1	0	0
sub-140	4	1	0.43063	1	0	0
sub-140	2	1	0.75342	1	0	0
sub-140	2	0	0.50908	1	0	0
sub-140	6	1	0.6819	1	0	0
sub-140	4	1	1.11816	1	1	0
sub-140	5	1	0.18946	1	1	0
sub-140	3	0	1.26538	1	1	0
sub-140	7	1	0.1468	0	0	1
sub-140	7	1	0.0189299999999999	0	0	1
sub-140	8	1	0.0246900000000001	0	0	1
sub-140	8	1	0.0236400000000001	0	0	1
sub-140	2	0	0.65087	0	0	1
sub-140	3	1	1.33015	0	0	0
sub-140	7	1	0.68669	0	0	0
sub-140	2	0	1.49339	0	0	0
sub-140	9	1	0.0698799999999999	1	0	0
sub-140	1	0	0.47618	1	0	0
sub-140	2	0	0.41527	1	0	0
sub-140	3	1	0.27144	1	0	0
sub-140	4	1	0.39475	1	0	0
sub-140	1	1	1.07377	1	1	0
sub-140	3	1	0.0300100000000001	1	1	0
sub-140	2	0	0.20307	1	1	0
sub-140	8	1	0.02936	1	1	1
sub-140	8	1	0.38602	1	1	1
sub-140	8	1	0.0171300000000001	1	1	1
sub-140	7	1	0.02427	1	1	1
sub-143	1	1	1.91089	1	1	0
sub-143	1	0	0.67138	1	1	0
sub-143	1	0	1.38433	1	1	0
sub-143	10	1	0.27972	1	1	0
sub-143	9	1	0.0328999999999999	1	1	1
sub-143	5	1	0.02766	1	1	1
sub-143	7	1	0.0224800000000001	1	1	1
sub-143	9	1	0.01844	1	1	1
sub-143	7	1	0.03243	1	1	1
sub-143	7	1	0.23463	0	0	1
sub-143	8	1	0.02919	0	0	1
sub-143	10	1	0.02545	0	0	1
sub-143	8	1	0.0174799999999999	1	1	0
sub-143	2	1	0.36443	1	1	0
sub-143	5	1	0.0261899999999999	1	1	0
sub-143	1	0	0.02247	1	1	0
sub-143	3	1	0.01928	1	1	0
sub-143	3	1	0.16596	1	1	0
sub-143	7	1	0.01918	0	0	0
sub-143	5	1	0.0315099999999999	0	0	0
sub-143	10	1	0.0199499999999999	0	0	1
sub-143	2	1	0.0330600000000001	0	0	1
sub-143	7	1	0.03118	0	0	1
sub-143	7	1	0.0290600000000001	0	0	1
sub-143	5	1	0.02569	0	0	1
sub-143	9	1	0.02332	0	0	1
sub-143	3	1	0.10066	0	0	0
sub-143	8	1	0.07951	0	0	0
sub-143	4	1	0.02668	0	0	0
sub-143	5	1	0.0230600000000001	0	0	0
sub-143	4	1	0.0200100000000001	0	0	0
sub-143	3	1	0.0168999999999999	0	0	0
sub-143	3	1	0.0290600000000001	0	0	0
sub-143	2	0	0.02637	0	0	0
sub-143	9	1	0.0300199999999999	1	0	1
sub-143	5	1	0.29273	0	0	1
sub-143	9	1	0.02122	0	0	1
sub-143	7	1	0.0171600000000001	0	0	1
sub-143	7	1	0.03115	0	0	1
sub-143	7	1	0.02732	0	0	1
sub-143	10	1	0.0236700000000001	0	0	1
sub-143	1	0	0.0205	0	0	1
sub-143	10	1	0.03061	1	1	0
sub-143	5	1	0.02674	1	1	0
sub-143	2	1	0.68972	1	1	0
sub-143	10	1	0.25919	1	0	1
sub-143	6	1	0.02016	1	0	1
sub-143	8	1	0.0330999999999999	1	0	1
sub-143	8	1	0.02789	1	0	1
sub-143	10	1	0.0234700000000001	1	0	1
sub-144	2	1	0.0301400000000001	1	0	0
sub-144	7	1	0.02718	1	0	0
sub-144	4	1	0.02217	1	0	0
sub-144	6	1	0.33629	1	0	0
sub-144	2	0	1.00074	1	0	0
sub-144	4	1	0.02936	1	0	0
sub-144	3	1	0.96833	0	0	0
sub-144	2	1	0.02898	0	0	1
sub-144	5	1	0.0245599999999999	0	0	1
sub-144	3	1	0.66147	1	1	0
sub-144	4	1	0.0224500000000001	1	1	0
sub-144	8	1	0.0174799999999999	1	1	0
sub-144	2	1	0.36443	1	1	0
sub-144	5	1	0.0261899999999999	1	1	0
sub-144	1	0	0.02247	1	1	0
sub-144	3	1	0.01928	1	1	0
sub-144	3	1	0.16596	1	1	0
sub-144	7	1	0.01918	0	0	0
sub-144	5	1	0.0315099999999999	0	0	0
sub-144	4	1	0.02789	0	0	0
sub-144	2	1	0.0330600000000001	0	0	1
sub-144	7	1	0.03118	0	0	1
sub-144	7	1	0.0290600000000001	0	0	1
sub-144	5	1	0.02569	0	0	1
sub-144	9	1	0.02332	0	0	1
sub-144	3	1	0.10066	0	0	0
sub-144	8	1	0.07951	0	0	0
sub-144	4	1	0.02668	0	0	0
sub-144	7	1	0.0171600000000001	0	0	1
sub-144	7	1	0.03115	0	0	1
sub-144	7	1	0.02732	0	0	1
sub-144	10	1	0.0236700000000001	0	0	1
sub-144	1	0	0.0205	0	0	1
sub-144	2	0	0.85584	1	0	0
sub-144	1	0	0.71425	1	0	0
sub-144	3	1	0.0265200000000001	1	0	0
sub-144	1	0	0.02196	1	0	0
sub-144	3	1	0.03288	1	0	0
sub-144	5	1	0.02885	1	0	0
sub-144	4	1	0.02475	1	0	0
sub-144	4	1	0.02138	1	0	0
sub-145	4	0	1.94583	1	1	0
sub-145	1	0	0.68532	1	1	0
sub-145	5	0	1.6765	1	1	0
sub-145	2	0	0.51458	1	1	0
sub-145	3	0	0.55421	1	1	0
sub-145	4	0	0.57648	1	1	0
sub-145	2	0	0.49901	1	1	0
sub-145	10	1	0.75544	1	1	0
sub-145	8	1	0.82084	0	0	0
sub-145	3	0	0.49263	0	0	0
sub-145	1	0	0.43331	0	0	0
sub-145	4	0	0.47223	0	0	0
sub-145	4	0	0.46124	0	0	0
sub-145	1	0	0.50085	0	0	0
sub-145	6	1	0.87548	0	0	0
sub-145	2	0	0.49688	0	0	0
sub-145	7	1	1.34758	1	0	1
sub-145	8	1	0.48555	1	0	1
sub-145	6	0	0.49315	1	0	1
sub-145	9	1	0.43204	1	0	1
sub-145	8	1	0.48811	1	0	1
sub-145	8	1	0.47724	1	0	1
sub-145	1	0	0.39978	1	0	1
sub-145	7	1	0.85621	1	0	1
sub-145	3	0	0.0328599999999999	1	0	0
sub-145	1	0	0.0230999999999999	1	0	0
sub-145	6	0	0.57977	1	0	0
sub-145	4	0	0.36997	1	0	0
sub-145	7	1	1.04286	1	0	0
sub-145	2	0	0.39834	1	0	0
sub-145	2	0	0.0206900000000001	1	0	0
sub-145	3	0	0.56509	1	0	0
sub-145	8	1	0.18848	1	0	0
sub-145	4	0	0.02817	1	0	0
sub-145	4	0	0.0178700000000001	1	0	0
sub-145	6	0	0.5252	1	0	0
sub-145	1	0	0.3145	1	0	0
sub-145	4	0	0.45488	1	0	0
sub-145	1	0	0.02806	1	0	0
sub-145	2	0	0.12165	1	1	0
sub-145	10	1	0.45703	1	1	1
sub-145	6	0	0.41512	1	1	1
sub-145	9	1	0.32001	1	1	1
sub-145	7	1	0.42616	1	1	1
sub-145	7	1	0.0641	1	1	1
sub-145	9	1	0.25564	1	1	1
sub-145	3	0	0.02738	1	1	1
sub-145	2	0	1.111	1	1	0
sub-147	5	1	0.11206	1	1	0
sub-147	4	1	0.08365	1	1	0
sub-147	2	0	0.25654	1	1	0
sub-147	2	0	0.92961	1	1	0
sub-147	2	0	0.46846	1	1	0
sub-147	10	1	0.35861	1	1	0
sub-147	10	1	0.35722	0	0	1
sub-147	10	1	0.0303	0	0	1
sub-147	8	1	0.10315	0	0	1
sub-147	10	1	0.0256400000000001	0	0	1
sub-147	8	1	0.0312699999999999	0	0	1
sub-147	1	1	0.02179	0	0	1
sub-147	6	1	0.32806	0	0	1
sub-147	7	1	0.01797	0	0	1
sub-147	1	0	1.2494	0	0	0
sub-147	3	1	1.50564	0	0	0
sub-147	7	1	0.23009	1	0	1
sub-147	2	0	0.37709	1	0	1
sub-147	5	1	0.18401	1	0	1
sub-147	8	1	0.13993	1	0	1
sub-147	8	1	0.0287299999999999	1	0	1
sub-147	7	1	0.01844	1	0	1
sub-147	4	1	0.30016	1	1	0
sub-147	7	1	0.05698	1	1	0
sub-147	9	1	0.10089	1	1	1
sub-147	5	1	0.30731	1	1	1
sub-147	8	1	0.12974	1	1	1
sub-147	9	1	0.01884	1	1	1
sub-147	7	1	0.0246599999999999	1	1	1
sub-147	1	0	0.3143	1	1	1
sub-147	5	1	0.6301	1	0	0
sub-147	3	1	0.46914	1	0	0
sub-147	4	1	0.32737	1	0	0
sub-147	2	0	0.03267	1	0	0
sub-147	2	0	0.0231600000000001	1	0	0
sub-147	10	1	0.32955	1	0	0
sub-147	1	0	0.25321	1	0	0
sub-147	3	1	0.3756	1	0	0
sub-147	5	1	0.62226	0	0	0
sub-147	2	0	0.02837	0	0	0
sub-147	1	0	0.15848	1	0	1
sub-147	8	1	0.18216	1	0	1
sub-147	10	1	0.0210399999999999	1	0	1
sub-147	7	1	0.02677	1	0	1
sub-147	8	1	0.03268	1	0	1
sub-147	6	1	0.09013	1	0	1
sub-149	2	1	0.99574	1	0	0
sub-149	10	1	0.90837	1	0	0
sub-149	2	0	1.23891	1	0	0
sub-149	2	0	1.48399	1	0	0
sub-149	7	1	1.63696	1	0	1
sub-149	5	1	0.78216	1	0	1
sub-149	7	1	0.19573	1	0	1
sub-149	3	1	0.75961	1	0	1
sub-149	9	1	0.67188	1	0	1
sub-149	9	1	0.0222199999999999	0	0	1
sub-149	7	1	1.69564	1	1	0
sub-149	2	1	0.02247	1	1	0
sub-149	4	1	0.01925	1	1	0
sub-149	1	0	0.11733	1	1	0
sub-149	4	1	0.0304500000000001	1	1	0
sub-149	4	1	0.02857	1	1	0
sub-149	2	1	0.02443	1	1	0
sub-149	9	1	0.14031	1	1	1
sub-149	9	1	0.02078	1	1	1
sub-149	4	1	0.0170600000000001	1	1	1
sub-149	10	1	0.03098	1	1	1
sub-149	7	1	0.53588	0	0	1
sub-149	9	1	0.03203	0	0	1
sub-149	5	1	0.0286200000000001	0	0	1
sub-149	4	1	0.02505	0	0	1
sub-149	3	1	0.39036	1	0	1
sub-149	9	1	0.0208200000000001	1	0	1
sub-149	8	1	0.03302	1	0	1
sub-149	7	1	0.0291999999999999	1	0	1
sub-149	10	1	0.0274399999999999	1	0	1
sub-149	5	1	0.0230900000000001	1	0	1
sub-149	1	0	0.62473	1	0	0
sub-149	2	1	0.73849	1	0	0
sub-149	2	1	0.13465	1	0	0
sub-149	3	1	0.08131	1	0	0
sub-149	10	1	0.11068	1	0	0
sub-149	6	1	0.0408999999999999	1	0	0
sub-149	1	0	0.08731	1	0	0
sub-149	4	1	0.0328200000000001	1	0	0
sub-149	4	1	0.2198	1	1	0
sub-149	9	1	0.03233	1	1	0
sub-149	1	0	0.12852	1	1	0
sub-149	4	1	0.0910899999999999	1	1	0
sub-149	6	1	0.0211699999999999	1	1	0
sub-149	2	1	0.03359	1	1	0
sub-150	7	1	0.46124	1	0	1
sub-150	10	1	0.70039	1	0	1
sub-150	2	0	0.37277	1	0	1
sub-150	3	0	0.45155	0	0	0
sub-150	1	0	0.42373	0	0	0
sub-150	4	1	1.86611	0	0	0
sub-150	8	1	0.47097	0	0	0
sub-150	4	1	0.61171	0	0	0
sub-150	3	0	0.73511	1	0	0
sub-150	1	0	0.39169	1	0	0
sub-150	3	0	0.4321	1	0	0
sub-150	10	1	0.58145	1	0	1
sub-150	1	0	0.38704	1	0	1
sub-150	10	1	0.71011	1	0	1
sub-150	10	1	0.41534	1	0	1
sub-150	6	1	0.58819	1	0	1
sub-150	4	1	0.31119	0	0	0
sub-150	4	1	0.38377	0	0	0
sub-150	3	1	2.0157	1	1	0
sub-150	8	1	0.42142	1	1	0
sub-150	3	1	1.16338	1	1	0
sub-150	3	1	0.68577	1	1	0
sub-150	3	1	0.4581	1	1	0
sub-150	3	1	0.38114	1	1	0
sub-150	1	0	0.42016	1	1	0
sub-150	5	1	0.55927	1	1	0
sub-150	8	1	0.7582	0	0	1
sub-150	1	0	0.51392	0	0	1
sub-150	10	1	0.38755	0	0	1
sub-150	9	1	0.44352	0	0	1
sub-150	6	1	0.91673	0	0	1
sub-150	10	1	0.37195	0	0	1
sub-150	3	1	0.8243	0	0	0
sub-150	6	1	0.0294399999999999	0	0	0
sub-150	5	1	0.45734	1	0	0
sub-150	1	0	0.38006	1	0	0
sub-150	1	0	0.37069	1	0	0
sub-150	3	1	0.39401	1	0	0
sub-150	1	0	0.38242	1	0	0
sub-150	1	1	0.41332	1	1	1
sub-150	8	1	0.5863	1	1	1
sub-150	10	1	0.44219	1	1	1
sub-150	4	1	0.38889	1	1	0
sub-150	9	1	0.31196	1	1	0
sub-150	3	1	0.33578	1	1	0
sub-150	2	0	0.4247	1	1	0
sub-150	4	1	0.43179	1	1	0
sub-150	8	1	0.46157	0	0	1
sub-150	7	1	0.41739	0	0	1
sub-150	8	1	0.74024	0	0	1
sub-151	5	1	1.66295	1	0	0
sub-151	9	1	0.60267	1	0	0
sub-151	2	0	0.0245200000000001	1	0	0
sub-151	1	0	0.0306200000000001	1	0	0
sub-151	10	1	0.0323500000000001	1	0	1
sub-151	7	1	0.0227299999999999	1	0	1
sub-151	9	1	0.02867	1	0	1
sub-151	5	0	0.43535	1	0	1
sub-151	10	1	0.18308	1	1	1
sub-151	6	1	0.29043	1	1	1
sub-151	7	1	0.0288999999999999	1	1	1
sub-151	8	1	0.02867	1	1	1
sub-151	10	1	0.0184200000000001	1	1	1
sub-151	8	1	0.0241499999999999	1	1	1
sub-151	3	0	0.0301499999999999	1	1	1
sub-151	9	1	0.11961	1	1	1
sub-151	3	0	0.21401	1	0	1
sub-151	8	1	0.55348	1	0	1
sub-151	10	1	0.0266500000000001	1	0	1
sub-151	8	1	0.14939	1	0	1
sub-151	2	0	0.0308900000000001	1	1	0
sub-151	4	0	0.02136	1	1	0
sub-151	5	0	0.11059	1	1	0
sub-151	3	0	0.01718	1	1	0
sub-151	6	0	1.06884	1	1	1
sub-151	7	1	0.39035	1	1	1
sub-151	9	1	0.0303800000000001	1	1	1
sub-151	9	1	0.01997	1	1	1
sub-151	3	0	0.0346599999999999	0	0	0
sub-151	1	0	0.02342	0	0	0
sub-151	2	0	0.0295799999999999	0	0	0
sub-151	3	0	0.0179	0	0	0
sub-151	8	1	0.33461	0	0	1
sub-151	9	1	0.22361	0	0	1
sub-151	3	0	0.0291699999999999	0	0	1
sub-151	9	1	0.0352399999999999	0	0	1
sub-151	3	0	0.02979	1	1	0
sub-151	2	0	0.0193000000000001	1	1	0
sub-151	1	0	0.0249600000000001	1	1	0
sub-151	5	0	0.0647200000000001	1	1	0
sub-151	10	1	0.52841	1	0	1
sub-151	6	1	1.00174	1	0	1
sub-151	8	1	0.0254399999999999	1	0	1
sub-151	7	1	0.02956	1	1	1
sub-151	10	1	0.0192300000000001	1	1	1
sub-151	7	1	0.0246	1	1	1
sub-151	7	1	0.0306299999999999	1	1	1
sub-151	10	1	0.0207599999999999	1	1	1
sub-153	4	0	0.1986	0	0	0
sub-153	4	0	0.75524	0	0	0
sub-153	4	1	0.29221	1	0	0
sub-153	1	0	0.0481400000000001	1	0	0
sub-153	5	1	0.0216700000000001	1	0	0
sub-153	4	1	0.21122	1	0	0
sub-153	3	1	0.53394	1	0	0
sub-153	8	1	0.34907	1	0	1
sub-153	8	1	0.35485	1	0	1
sub-153	8	1	0.0269200000000001	1	0	1
sub-153	7	1	0.45005	1	0	1
sub-153	1	0	0.35579	1	0	1
sub-153	8	1	0.29519	1	0	1
sub-153	6	1	0.18441	1	0	1
sub-153	9	1	0.14019	1	0	1
sub-153	9	1	0.02268	1	0	0
sub-153	1	0	0.0285599999999999	1	0	0
sub-153	2	0	0.01762	1	0	0
sub-153	1	0	0.12487	1	0	0
sub-153	5	1	0.03148	1	0	0
sub-153	3	1	0.38909	1	0	0
sub-153	4	1	1.1623	1	0	0
sub-153	3	0	1.21829	1	0	0
sub-153	7	1	0.44897	1	1	1
sub-153	2	0	0.63949	1	1	1
sub-153	7	1	0.16195	1	1	1
sub-153	7	1	0.0228600000000001	1	1	0
sub-153	1	0	0.02874	1	1	0
sub-153	4	1	0.0180899999999999	1	1	0
sub-153	4	1	0.04084	1	1	0
sub-153	1	0	0.02966	1	1	0
sub-153	8	1	0.32926	0	0	1
sub-153	10	1	0.0195799999999999	0	0	1
sub-153	8	1	0.10918	0	0	1
sub-153	2	0	0.0232000000000001	1	0	1
sub-153	9	1	0.19617	1	0	1
sub-153	9	1	0.0185	1	0	1
sub-153	6	1	0.32484	1	0	1
sub-153	7	1	0.0302100000000001	1	0	1
sub-153	10	1	0.0246900000000001	1	1	1
sub-153	2	0	0.0318499999999999	1	1	1
sub-153	5	1	0.0220499999999999	1	1	1
sub-154	2	0	0.2128	0	0	1
sub-154	10	1	0.11895	0	0	1
sub-154	9	1	0.32486	0	0	1
sub-154	7	0	0.0306	0	0	1
sub-154	1	0	0.14676	0	0	0
sub-154	1	0	0.0191399999999999	0	0	0
sub-154	5	0	0.0586199999999999	0	0	0
sub-154	2	0	0.0645	0	0	0
sub-154	7	0	0.02721	1	0	1
sub-154	6	0	0.0332699999999999	1	0	1
sub-154	10	1	0.02349	1	0	1
sub-154	3	0	0.02936	1	0	1
sub-154	8	0	0.77673	1	1	1
sub-154	9	1	1.81821	1	1	1
sub-154	5	0	0.02227	1	1	1
sub-154	8	0	0.02797	1	1	1
sub-154	8	1	0.0305500000000001	0	0	1
sub-154	9	1	0.1369	0	0	1
sub-154	8	1	1.27693	0	0	1
sub-154	2	0	0.25344	1	0	0
sub-154	1	0	0.0258	1	0	0
sub-154	5	0	0.03288	1	0	0
sub-154	2	0	0.02322	1	0	0
sub-154	9	1	0.89664	1	0	0
sub-154	4	0	0.01834	1	0	0
sub-154	2	0	0.024	1	0	0
sub-154	4	0	0.03016	1	0	0
sub-154	3	0	0.04545	1	1	0
sub-154	1	0	0.01983	1	1	0
sub-154	5	0	0.02569	1	1	0
sub-154	2	0	0.0317799999999999	1	1	0
sub-154	1	0	0.02189	1	1	0
sub-154	8	1	0.59534	1	1	0
sub-154	2	0	0.0182800000000001	1	1	0
sub-154	3	0	0.2579	1	1	0
sub-154	5	0	1.20224	1	0	1
sub-154	8	1	0.24194	1	0	1
sub-154	8	1	0.0491299999999999	1	0	1
sub-154	2	0	0.0894299999999999	1	0	1
sub-154	9	1	0.29529	1	0	1
sub-154	8	0	0.16796	1	0	0
sub-154	6	0	0.75781	1	0	0
sub-154	1	0	0.37995	1	0	0
sub-154	5	0	0.8928	0	0	1
sub-154	7	0	0.60012	0	0	1
sub-154	9	1	0.38906	0	0	1
sub-154	9	1	0.56177	0	0	1
sub-154	1	0	0.5848	0	0	1
sub-155	8	0	0.4885	1	0	0
sub-155	1	0	0.46066	1	0	0
sub-155	4	0	0.51684	1	0	0
sub-155	3	0	0.49052	1	0	0
sub-155	3	0	0.44637	1	0	0
sub-155	3	0	0.36903	1	0	0
sub-155	5	0	0.34135	1	0	0
sub-155	9	0	0.47253	1	1	1
sub-155	8	0	0.271	1	0	1
sub-155	7	0	0.44321	1	0	1
sub-155	9	0	0.33235	1	0	1
sub-155	9	0	0.25541	1	0	1
sub-155	8	0	0.37746	1	0	1
sub-155	9	0	0.41788	1	0	1
sub-155	4	0	0.40717	1	0	1
sub-155	1	0	0.35599	1	1	0
sub-155	3	0	0.35265	0	0	0
sub-155	3	0	0.39159	0	0	0
sub-155	2	0	0.86596	0	0	0
sub-155	4	0	0.47153	0	0	0
sub-155	4	0	0.49407	0	0	0
sub-155	1	0	0.36654	0	0	0
sub-155	8	0	0.45579	0	0	0
sub-155	2	0	0.35603	0	0	1
sub-155	10	1	0.36189	0	0	1
sub-155	9	0	0.30244	0	0	1
sub-155	6	0	0.74155	0	0	1
sub-155	7	0	0.43082	0	0	1
sub-155	8	0	0.40315	0	0	1
sub-155	9	0	0.30926	0	0	1
sub-155	8	0	0.33209	0	0	1
sub-155	2	0	1.39813	1	1	0
sub-155	2	0	0.35303	1	1	0
sub-155	9	0	0.34375	1	1	0
sub-155	2	0	0.3176	1	1	0
sub-155	1	0	0.0224899999999999	1	1	0
sub-155	6	0	0.47942	1	1	0
sub-155	2	0	0.28462	1	1	0
sub-155	4	0	0.35731	1	1	0
sub-155	9	0	0.46866	1	0	1
sub-155	3	0	0.28873	1	0	0
sub-155	8	0	0.41258	1	0	0
sub-155	3	0	0.46841	1	0	0
sub-155	4	0	0.37561	1	0	0
sub-155	6	0	0.46578	1	0	0
sub-155	4	0	0.57169	1	0	0
sub-155	1	0	0.37775	1	0	0
sub-155	5	0	0.54353	1	1	1
sub-157	4	1	0.39919	1	0	0
sub-157	5	1	0.40539	1	0	0
sub-157	3	1	1.19519	1	0	0
sub-157	1	0	0.10713	1	0	0
sub-157	9	1	0.43009	1	0	0
sub-157	3	1	0.90288	1	0	0
sub-157	5	1	1.28331	1	1	1
sub-157	1	0	0.53826	0	0	0
sub-157	6	1	0.82746	0	0	0
sub-157	3	1	0.4999	0	0	0
sub-157	9	1	0.3401	0	0	0
sub-157	1	0	0.41255	0	0	0
sub-157	1	1	1.20264	0	0	0
sub-157	2	1	0.34099	0	0	0
sub-157	4	1	0.65432	1	0	0
sub-157	5	0	1.60371	1	0	0
sub-157	4	1	0.22461	1	0	0
sub-157	2	0	0.19858	1	0	0
sub-157	1	0	0.07108	1	0	0
sub-157	3	1	0.34381	1	0	0
sub-157	4	1	0.0169699999999999	1	0	0
sub-157	2	0	0.40769	1	0	0
sub-157	9	1	0.39813	1	0	0
sub-157	5	1	0.0186	0	0	0
sub-157	3	0	0.49176	0	0	0
sub-157	2	0	0.29751	0	0	0
sub-157	2	0	0.0709599999999999	0	0	0
sub-157	1	0	0.0264599999999999	0	0	0
sub-157	8	1	0.0993200000000001	0	0	0
sub-157	4	0	0.4055	0	0	0
sub-157	1	0	0.0273699999999999	0	0	0
sub-157	9	1	0.60926	0	0	1
sub-157	10	1	0.0318499999999999	0	0	1
sub-157	7	1	0.27239	0	0	1
sub-157	5	1	0.02827	0	0	1
sub-157	10	1	0.0678300000000001	0	0	1
sub-157	8	1	0.50757	0	0	1
sub-157	8	1	0.41329	0	0	1
sub-157	4	1	0.41951	0	0	1
sub-157	3	0	1.44781	1	1	0
sub-157	1	0	0.33589	1	1	0
sub-157	4	1	0.59329	1	1	0
sub-157	3	0	0.31658	1	1	0
sub-157	7	1	0.4394	1	1	0
sub-157	6	1	0.24618	1	1	0
sub-157	4	1	0.61917	1	1	0
sub-157	1	0	0.27466	1	1	0
sub-158	2	0	1.01135	1	0	0
sub-158	3	0	1.31754	1	0	0
sub-158	4	0	0.7562	1	0	0
sub-158	7	0	1.26243	1	0	0
sub-158	5	0	1.20214	1	0	0
sub-158	2	0	0.74491	1	0	0
sub-158	9	1	0.15691	1	0	1
sub-158	7	0	1.68171	1	0	1
sub-158	5	0	0.86616	1	0	0
sub-158	4	0	1.35599	1	0	0
sub-158	3	0	1.0781	1	0	0
sub-158	8	1	0.38496	1	0	0
sub-158	4	0	0.50697	1	0	0
sub-158	4	0	1.28041	1	0	0
sub-158	7	1	0.77807	1	1	1
sub-158	10	1	0.10152	1	1	1
sub-158	1	0	0.86977	1	1	1
sub-158	5	0	0.0762799999999999	1	1	1
sub-158	8	1	0.48268	1	1	1
sub-158	9	1	0.88883	1	1	1
sub-158	10	1	0.34418	1	1	1
sub-158	8	1	0.64297	1	1	1
sub-158	9	1	0.38054	1	1	1
sub-158	8	1	0.92076	1	1	1
sub-158	9	1	0.51489	0	0	1
sub-158	3	0	1.12329	0	0	1
sub-158	8	1	0.5954	0	0	1
sub-158	7	0	0.55243	0	0	1
sub-158	9	1	0.0240899999999999	0	0	1
sub-158	5	0	0.03023	0	0	1
sub-158	9	1	0.87061	0	0	1
sub-158	8	0	0.87617	0	0	1
sub-158	8	1	0.24437	0	0	0
sub-158	1	0	0.02311	1	0	0
sub-158	10	1	0.39625	1	0	0
sub-158	1	0	0.93761	1	0	0
sub-158	1	0	0.81085	1	0	0
sub-158	3	0	1.20054	1	0	0
sub-158	1	0	0.38901	1	0	0
sub-158	6	0	0.47869	1	0	0
sub-158	5	0	1.40404	1	1	0
sub-158	9	1	0.46816	0	0	1
sub-158	9	1	0.5263	0	0	1
sub-158	2	0	0.49054	0	0	1
sub-158	10	1	0.46335	0	0	1
sub-158	10	1	0.48608	0	0	1
sub-158	5	0	0.39285	0	0	1
sub-158	8	1	1.06724	0	0	1
sub-159	4	0	0.25324	0	0	1
sub-159	6	0	0.30914	0	0	1
sub-159	9	1	0.36498	0	0	1
sub-159	8	1	0.57119	0	0	1
sub-159	9	1	0.19284	0	0	1
sub-159	9	1	0.0491600000000001	0	0	1
sub-159	6	0	0.29792	1	1	1
sub-159	9	1	0.27156	1	1	1
sub-159	7	0	0.27889	1	1	1
sub-159	7	0	0.20127	1	1	1
sub-159	3	0	0.54065	1	1	1
sub-159	9	1	0.37976	1	1	1
sub-159	8	0	0.56936	1	1	1
sub-159	8	0	0.10841	1	1	1
sub-159	1	0	0.25707	1	0	0
sub-159	4	0	0.2806	1	0	0
sub-159	6	0	0.10311	1	0	0
sub-159	4	0	0.02545	1	0	0
sub-159	1	0	0.29841	1	0	0
sub-159	4	0	0.25526	1	0	0
sub-159	3	0	0.1443	1	0	0
sub-159	9	1	0.45037	1	0	0
sub-159	8	0	0.54604	1	0	1
sub-159	2	0	0.0327	0	0	0
sub-159	7	0	0.45673	0	0	0
sub-159	3	0	0.39632	0	0	0
sub-159	1	0	0.28532	0	0	0
sub-159	4	0	0.19113	0	0	0
sub-159	6	0	0.21375	0	0	0
sub-159	4	0	0.98703	0	0	0
sub-159	3	0	0.36697	1	1	1
sub-159	8	0	0.0316099999999999	0	0	1
sub-159	5	0	0.22304	0	0	1
sub-159	9	1	0.21232	0	0	1
sub-159	8	0	0.41817	0	0	1
sub-159	2	0	0.37384	0	0	1
sub-159	9	1	0.24636	0	0	1
sub-159	9	1	0.30284	0	0	1
sub-159	5	0	0.11611	1	0	0
sub-159	7	1	0.4352	1	1	1
sub-159	10	1	0.02511	1	1	1
sub-159	7	1	0.0307200000000001	1	1	1
sub-159	9	1	0.0215700000000001	1	1	1
sub-159	2	0	0.02736	1	1	1
sub-159	9	1	0.10044	1	1	1
sub-159	5	0	0.08958	1	1	1
sub-159	2	0	0.01902	1	0	1
sub-159	4	1	0.01776	1	1	0
sub-159	6	1	0.02633	1	1	0
sub-159	3	0	0.13239	1	1	0
sub-159	4	0	0.5053	1	1	0
sub-159	4	0	0.41115	1	1	0
sub-159	4	1	0.68411	1	1	0
sub-159	7	1	0.25593	1	1	0
NA	NA	NA	NA	NA	NA	NA
NA	NA	NA	NA	NA	NA	NA
NA	NA	NA	NA	NA	NA	NA
NA	NA	NA	NA	NA	NA	NA
NA	NA	NA	NA	NA	NA	NA
NA	NA	NA	NA	NA	NA	NA
NA	NA	NA	NA	NA	NA	NA
NA	NA	NA	NA	NA	NA	NA
NA	NA	NA	NA	NA	NA	NA
NA	NA	NA	NA	NA	NA	NA
NA	NA	NA	NA	NA	NA	NA
NA	NA	NA	NA	NA	NA	NA
NA	NA	NA	NA	NA	NA	NA
NA	NA	NA	NA	NA	NA	NA
NA	NA	NA	NA	NA	NA	NA
NA	NA	NA	NA	NA	NA	NA
NA	NA	NA	NA	NA	NA	NA
NA	NA	NA	NA	NA	NA	NA
NA	NA	NA	NA	NA	NA	NA
NA	NA	NA	NA	NA	NA	NA
NA	NA	NA	NA	NA	NA	NA
NA	NA	NA	NA	NA	NA	NA
NA	NA	NA	NA	NA	NA	NA
NA	NA	NA	NA	NA	NA	NA
NA	NA	NA	NA	NA	NA	NA
NA	NA	NA	NA	NA	NA	NA
NA	NA	NA	NA	NA	NA	NA
NA	NA	NA	NA	NA	NA	NA
NA	NA	NA	NA	NA	NA	NA
NA	NA	NA	NA	NA	NA	NA
NA	NA	NA	NA	NA	NA	NA
NA	NA	NA	NA	NA	NA	NA
NA	NA	NA	NA	NA	NA	NA
NA	NA	NA	NA	NA	NA	NA
NA	NA	NA	NA	NA	NA	NA
NA	NA	NA	NA	NA	NA	NA
NA	NA	NA	NA	NA	NA	NA
NA	NA	NA	NA	NA	NA	NA
NA	NA	NA	NA	NA	NA	NA
NA	NA	NA	NA	NA	NA	NA
NA	NA	NA	NA	NA	NA	NA
NA	NA	NA	NA	NA	NA	NA
NA	NA	NA	NA	NA	NA	NA
NA	NA	NA	NA	NA	NA	NA
NA	NA	NA	NA	NA	NA	NA
NA	NA	NA	NA	NA	NA	NA
NA	NA	NA	NA	NA	NA	NA
NA	NA	NA	NA	NA	NA	NA
NA	NA	NA	NA	NA	NA	NA
NA	NA	NA	NA	NA	NA	NA
NA	NA	NA	NA	NA	NA	NA
NA	NA	NA	NA	NA	NA	NA
NA	NA	NA	NA	NA	NA	NA
NA	NA	NA	NA	NA	NA	NA
NA	NA	NA	NA	NA	NA	NA
NA	NA	NA	NA	NA	NA	NA
NA	NA	NA	NA	NA	NA	NA
NA	NA	NA	NA	NA	NA	NA
NA	NA	NA	NA	NA	NA	NA
NA	NA	NA	NA	NA	NA	NA
NA	NA	NA	NA	NA	NA	NA
NA	NA	NA	NA	NA	NA	NA
NA	NA	NA	NA	NA	NA	NA
NA	NA	NA	NA	NA	NA	NA
NA	NA	NA	NA	NA	NA	NA
NA	NA	NA	NA	NA	NA	NA
NA	NA	NA	NA	NA	NA	NA
NA	NA	NA	NA	NA	NA	NA
NA	NA	NA	NA	NA	NA	NA
NA	NA	NA	NA	NA	NA	NA
NA	NA	NA	NA	NA	NA	NA
NA	NA	NA	NA	NA	NA	NA
NA	NA	NA	NA	NA	NA	NA
NA	NA	NA	NA	NA	NA	NA
NA	NA	NA	NA	NA	NA	NA
NA	NA	NA	NA	NA	NA	NA
NA	NA	NA	NA	NA	NA	NA
NA	NA	NA	NA	NA	NA	NA
NA	NA	NA	NA	NA	NA	NA
NA	NA	NA	NA	NA	NA	NA
NA	NA	NA	NA	NA	NA	NA
NA	NA	NA	NA	NA	NA	NA
NA	NA	NA	NA	NA	NA	NA
NA	NA	NA	NA	NA	NA	NA
NA	NA	NA	NA	NA	NA	NA
NA	NA	NA	NA	NA	NA	NA
NA	NA	NA	NA	NA	NA	NA
NA	NA	NA	NA	NA	NA	NA
NA	NA	NA	NA	NA	NA	NA
NA	NA	NA	NA	NA	NA	NA
NA	NA	NA	NA	NA	NA	NA
NA	NA	NA	NA	NA	NA	NA
NA	NA	NA	NA	NA	NA	NA
NA	NA	NA	NA	NA	NA	NA
NA	NA	NA	NA	NA	NA	NA
NA	NA	NA	NA	NA	NA	NA
NA	NA	NA	NA	NA	NA	NA
NA	NA	NA	NA	NA	NA	NA
NA	NA	NA	NA	NA	NA	NA
NA	NA	NA	NA	NA	NA	NA
NA	NA	NA	NA	NA	NA	NA
NA	NA	NA	NA	NA	NA	NA
NA	NA	NA	NA	NA	NA	NA
NA	NA	NA	NA	NA	NA	NA
NA	NA	NA	NA	NA	NA	NA
NA	NA	NA	NA	NA	NA	NA
NA	NA	NA	NA	NA	NA	NA
NA	NA	NA	NA	NA	NA	NA
NA	NA	NA	NA	NA	NA	NA
NA	NA	NA	NA	NA	NA	NA
NA	NA	NA	NA	NA	NA	NA
NA	NA	NA	NA	NA	NA	NA
NA	NA	NA	NA	NA	NA	NA
NA	NA	NA	NA	NA	NA	NA
NA	NA	NA	NA	NA	NA	NA
NA	NA	NA	NA	NA	NA	NA
NA	NA	NA	NA	NA	NA	NA
NA	NA	NA	NA	NA	NA	NA
NA	NA	NA	NA	NA	NA	NA
NA	NA	NA	NA	NA	NA	NA
NA	NA	NA	NA	NA	NA	NA
NA	NA	NA	NA	NA	NA	NA
NA	NA	NA	NA	NA	NA	NA
NA	NA	NA	NA	NA	NA	NA
NA	NA	NA	NA	NA	NA	NA
NA	NA	NA	NA	NA	NA	NA
NA	NA	NA	NA	NA	NA	NA
NA	NA	NA	NA	NA	NA	NA
NA	NA	NA	NA	NA	NA	NA
NA	NA	NA	NA	NA	NA	NA
NA	NA	NA	NA	NA	NA	NA
NA	NA	NA	NA	NA	NA	NA
NA	NA	NA	NA	NA	NA	NA
NA	NA	NA	NA	NA	NA	NA
NA	NA	NA	NA	NA	NA	NA
NA	NA	NA	NA	NA	NA	NA
NA	NA	NA	NA	NA	NA	NA
NA	NA	NA	NA	NA	NA	NA
NA	NA	NA	NA	NA	NA	NA
NA	NA	NA	NA	NA	NA	NA
NA	NA	NA	NA	NA	NA	NA
NA	NA	NA	NA	NA	NA	NA
NA	NA	NA	NA	NA	NA	NA
NA	NA	NA	NA	NA	NA	NA
NA	NA	NA	NA	NA	NA	NA
NA	NA	NA	NA	NA	NA	NA
NA	NA	NA	NA	NA	NA	NA
NA	NA	NA	NA	NA	NA	NA
NA	NA	NA	NA	NA	NA	NA
NA	NA	NA	NA	NA	NA	NA
NA	NA	NA	NA	NA	NA	NA
NA	NA	NA	NA	NA	NA	NA
NA	NA	NA	NA	NA	NA	NA
NA	NA	NA	NA	NA	NA	NA
NA	NA	NA	NA	NA	NA	NA
NA	NA	NA	NA	NA	NA	NA
NA	NA	NA	NA	NA	NA	NA
NA	NA	NA	NA	NA	NA	NA
NA	NA	NA	NA	NA	NA	NA
NA	NA	NA	NA	NA	NA	NA
NA	NA	NA	NA	NA	NA	NA
NA	NA	NA	NA	NA	NA	NA
NA	NA	NA	NA	NA	NA	NA
NA	NA	NA	NA	NA	NA	NA
NA	NA	NA	NA	NA	NA	NA
NA	NA	NA	NA	NA	NA	NA
NA	NA	NA	NA	NA	NA	NA
NA	NA	NA	NA	NA	NA	NA
NA	NA	NA	NA	NA	NA	NA
NA	NA	NA	NA	NA	NA	NA
NA	NA	NA	NA	NA	NA	NA
NA	NA	NA	NA	NA	NA	NA
NA	NA	NA	NA	NA	NA	NA
NA	NA	NA	NA	NA	NA	NA
NA	NA	NA	NA	NA	NA	NA
NA	NA	NA	NA	NA	NA	NA
NA	NA	NA	NA	NA	NA	NA
NA	NA	NA	NA	NA	NA	NA
NA	NA	NA	NA	NA	NA	NA
NA	NA	NA	NA	NA	NA	NA
NA	NA	NA	NA	NA	NA	NA
NA	NA	NA	NA	NA	NA	NA
NA	NA	NA	NA	NA	NA	NA
NA	NA	NA	NA	NA	NA	NA
NA	NA	NA	NA	NA	NA	NA
NA	NA	NA	NA	NA	NA	NA
NA	NA	NA	NA	NA	NA	NA
NA	NA	NA	NA	NA	NA	NA
NA	NA	NA	NA	NA	NA	NA
NA	NA	NA	NA	NA	NA	NA
NA	NA	NA	NA	NA	NA	NA
NA	NA	NA	NA	NA	NA	NA
NA	NA	NA	NA	NA	NA	NA
NA	NA	NA	NA	NA	NA	NA
NA	NA	NA	NA	NA	NA	NA
NA	NA	NA	NA	NA	NA	NA
NA	NA	NA	NA	NA	NA	NA
NA	NA	NA	NA	NA	NA	NA
NA	NA	NA	NA	NA	NA	NA
NA	NA	NA	NA	NA	NA	NA
NA	NA	NA	NA	NA	NA	NA
NA	NA	NA	NA	NA	NA	NA
NA	NA	NA	NA	NA	NA	NA
NA	NA	NA	NA	NA	NA	NA
NA	NA	NA	NA	NA	NA	NA
NA	NA	NA	NA	NA	NA	NA
NA	NA	NA	NA	NA	NA	NA
NA	NA	NA	NA	NA	NA	NA
NA	NA	NA	NA	NA	NA	NA
NA	NA	NA	NA	NA	NA	NA
NA	NA	NA	NA	NA	NA	NA
NA	NA	NA	NA	NA	NA	NA
NA	NA	NA	NA	NA	NA	NA
NA	NA	NA	NA	NA	NA	NA
NA	NA	NA	NA	NA	NA	NA
NA	NA	NA	NA	NA	NA	NA
NA	NA	NA	NA	NA	NA	NA
NA	NA	NA	NA	NA	NA	NA
NA	NA	NA	NA	NA	NA	NA
NA	NA	NA	NA	NA	NA	NA
NA	NA	NA	NA	NA	NA	NA
NA	NA	NA	NA	NA	NA	NA
NA	NA	NA	NA	NA	NA	NA
NA	NA	NA	NA	NA	NA	NA
NA	NA	NA	NA	NA	NA	NA
NA	NA	NA	NA	NA	NA	NA
NA	NA	NA	NA	NA	NA	NA
NA	NA	NA	NA	NA	NA	NA
NA	NA	NA	NA	NA	NA	NA
NA	NA	NA	NA	NA	NA	NA
NA	NA	NA	NA	NA	NA	NA
NA	NA	NA	NA	NA	NA	NA
NA	NA	NA	NA	NA	NA	NA
NA	NA	NA	NA	NA	NA	NA
NA	NA	NA	NA	NA	NA	NA
NA	NA	NA	NA	NA	NA	NA
NA	NA	NA	NA	NA	NA	NA
NA	NA	NA	NA	NA	NA	NA
NA	NA	NA	NA	NA	NA	NA
NA	NA	NA	NA	NA	NA	NA
NA	NA	NA	NA	NA	NA	NA
NA	NA	NA	NA	NA	NA	NA
NA	NA	NA	NA	NA	NA	NA
NA	NA	NA	NA	NA	NA	NA
NA	NA	NA	NA	NA	NA	NA
NA	NA	NA	NA	NA	NA	NA
NA	NA	NA	NA	NA	NA	NA
NA	NA	NA	NA	NA	NA	NA
NA	NA	NA	NA	NA	NA	NA
NA	NA	NA	NA	NA	NA	NA
NA	NA	NA	NA	NA	NA	NA
NA	NA	NA	NA	NA	NA	NA
NA	NA	NA	NA	NA	NA	NA
NA	NA	NA	NA	NA	NA	NA
NA	NA	NA	NA	NA	NA	NA
NA	NA	NA	NA	NA	NA	NA
NA	NA	NA	NA	NA	NA	NA
NA	NA	NA	NA	NA	NA	NA
NA	NA	NA	NA	NA	NA	NA
NA	NA	NA	NA	NA	NA	NA
NA	NA	NA	NA	NA	NA	NA
NA	NA	NA	NA	NA	NA	NA
NA	NA	NA	NA	NA	NA	NA
NA	NA	NA	NA	NA	NA	NA
NA	NA	NA	NA	NA	NA	NA
NA	NA	NA	NA	NA	NA	NA
NA	NA	NA	NA	NA	NA	NA
NA	NA	NA	NA	NA	NA	NA
NA	NA	NA	NA	NA	NA	NA
NA	NA	NA	NA	NA	NA	NA
NA	NA	NA	NA	NA	NA	NA
NA	NA	NA	NA	NA	NA	NA
NA	NA	NA	NA	NA	NA	NA
NA	NA	NA	NA	NA	NA	NA
NA	NA	NA	NA	NA	NA	NA
NA	NA	NA	NA	NA	NA	NA
NA	NA	NA	NA	NA	NA	NA
NA	NA	NA	NA	NA	NA	NA
NA	NA	NA	NA	NA	NA	NA
NA	NA	NA	NA	NA	NA	NA
NA	NA	NA	NA	NA	NA	NA
NA	NA	NA	NA	NA	NA	NA
NA	NA	NA	NA	NA	NA	NA
NA	NA	NA	NA	NA	NA	NA
NA	NA	NA	NA	NA	NA	NA
NA	NA	NA	NA	NA	NA	NA
NA	NA	NA	NA	NA	NA	NA
NA	NA	NA	NA	NA	NA	NA
NA	NA	NA	NA	NA	NA	NA
NA	NA	NA	NA	NA	NA	NA
NA	NA	NA	NA	NA	NA	NA
NA	NA	NA	NA	NA	NA	NA
NA	NA	NA	NA	NA	NA	NA
NA	NA	NA	NA	NA	NA	NA
NA	NA	NA	NA	NA	NA	NA
NA	NA	NA	NA	NA	NA	NA
NA	NA	NA	NA	NA	NA	NA
NA	NA	NA	NA	NA	NA	NA
NA	NA	NA	NA	NA	NA	NA
NA	NA	NA	NA	NA	NA	NA
NA	NA	NA	NA	NA	NA	NA
NA	NA	NA	NA	NA	NA	NA
NA	NA	NA	NA	NA	NA	NA
NA	NA	NA	NA	NA	NA	NA
NA	NA	NA	NA	NA	NA	NA
NA	NA	NA	NA	NA	NA	NA
NA	NA	NA	NA	NA	NA	NA
NA	NA	NA	NA	NA	NA	NA
NA	NA	NA	NA	NA	NA	NA
NA	NA	NA	NA	NA	NA	NA
NA	NA	NA	NA	NA	NA	NA
NA	NA	NA	NA	NA	NA	NA
NA	NA	NA	NA	NA	NA	NA
NA	NA	NA	NA	NA	NA	NA
NA	NA	NA	NA	NA	NA	NA
NA	NA	NA	NA	NA	NA	NA
NA	NA	NA	NA	NA	NA	NA
NA	NA	NA	NA	NA	NA	NA
NA	NA	NA	NA	NA	NA	NA
NA	NA	NA	NA	NA	NA	NA
NA	NA	NA	NA	NA	NA	NA
NA	NA	NA	NA	NA	NA	NA
NA	NA	NA	NA	NA	NA	NA
NA	NA	NA	NA	NA	NA	NA
NA	NA	NA	NA	NA	NA	NA
NA	NA	NA	NA	NA	NA	NA
NA	NA	NA	NA	NA	NA	NA
NA	NA	NA	NA	NA	NA	NA
NA	NA	NA	NA	NA	NA	NA
NA	NA	NA	NA	NA	NA	NA
NA	NA	NA	NA	NA	NA	NA
NA	NA	NA	NA	NA	NA	NA
NA	NA	NA	NA	NA	NA	NA
NA	NA	NA	NA	NA	NA	NA
NA	NA	NA	NA	NA	NA	NA
NA	NA	NA	NA	NA	NA	NA
NA	NA	NA	NA	NA	NA	NA
NA	NA	NA	NA	NA	NA	NA
NA	NA	NA	NA	NA	NA	NA
NA	NA	NA	NA	NA	NA	NA
NA	NA	NA	NA	NA	NA	NA
NA	NA	NA	NA	NA	NA	NA
NA	NA	NA	NA	NA	NA	NA
NA	NA	NA	NA	NA	NA	NA
NA	NA	NA	NA	NA	NA	NA
NA	NA	NA	NA	NA	NA	NA
NA	NA	NA	NA	NA	NA	NA
NA	NA	NA	NA	NA	NA	NA
NA	NA	NA	NA	NA	NA	NA
NA	NA	NA	NA	NA	NA	NA
NA	NA	NA	NA	NA	NA	NA
NA	NA	NA	NA	NA	NA	NA
NA	NA	NA	NA	NA	NA	NA
NA	NA	NA	NA	NA	NA	NA
NA	NA	NA	NA	NA	NA	NA
NA	NA	NA	NA	NA	NA	NA
NA	NA	NA	NA	NA	NA	NA
NA	NA	NA	NA	NA	NA	NA
NA	NA	NA	NA	NA	NA	NA
NA	NA	NA	NA	NA	NA	NA
NA	NA	NA	NA	NA	NA	NA
NA	NA	NA	NA	NA	NA	NA
NA	NA	NA	NA	NA	NA	NA
NA	NA	NA	NA	NA	NA	NA
NA	NA	NA	NA	NA	NA	NA
NA	NA	NA	NA	NA	NA	NA
NA	NA	NA	NA	NA	NA	NA
NA	NA	NA	NA	NA	NA	NA
NA	NA	NA	NA	NA	NA	NA
NA	NA	NA	NA	NA	NA	NA
NA	NA	NA	NA	NA	NA	NA
NA	NA	NA	NA	NA	NA	NA
NA	NA	NA	NA	NA	NA	NA
NA	NA	NA	NA	NA	NA	NA
NA	NA	NA	NA	NA	NA	NA
NA	NA	NA	NA	NA	NA	NA
NA	NA	NA	NA	NA	NA	NA
NA	NA	NA	NA	NA	NA	NA
NA	NA	NA	NA	NA	NA	NA
NA	NA	NA	NA	NA	NA	NA
NA	NA	NA	NA	NA	NA	NA
NA	NA	NA	NA	NA	NA	NA
NA	NA	NA	NA	NA	NA	NA
NA	NA	NA	NA	NA	NA	NA
NA	NA	NA	NA	NA	NA	NA
NA	NA	NA	NA	NA	NA	NA
NA	NA	NA	NA	NA	NA	NA
NA	NA	NA	NA	NA	NA	NA
NA	NA	NA	NA	NA	NA	NA
NA	NA	NA	NA	NA	NA	NA
NA	NA	NA	NA	NA	NA	NA
NA	NA	NA	NA	NA	NA	NA
NA	NA	NA	NA	NA	NA	NA
NA	NA	NA	NA	NA	NA	NA
NA	NA	NA	NA	NA	NA	NA
NA	NA	NA	NA	NA	NA	NA
NA	NA	NA	NA	NA	NA	NA
NA	NA	NA	NA	NA	NA	NA
NA	NA	NA	NA	NA	NA	NA
NA	NA	NA	NA	NA	NA	NA
NA	NA	NA	NA	NA	NA	NA
NA	NA	NA	NA	NA	NA	NA
NA	NA	NA	NA	NA	NA	NA
NA	NA	NA	NA	NA	NA	NA
NA	NA	NA	NA	NA	NA	NA
NA	NA	NA	NA	NA	NA	NA
NA	NA	NA	NA	NA	NA	NA
NA	NA	NA	NA	NA	NA	NA
NA	NA	NA	NA	NA	NA	NA
NA	NA	NA	NA	NA	NA	NA
NA	NA	NA	NA	NA	NA	NA
NA	NA	NA	NA	NA	NA	NA
NA	NA	NA	NA	NA	NA	NA
NA	NA	NA	NA	NA	NA	NA
NA	NA	NA	NA	NA	NA	NA
NA	NA	NA	NA	NA	NA	NA
NA	NA	NA	NA	NA	NA	NA
NA	NA	NA	NA	NA	NA	NA
NA	NA	NA	NA	NA	NA	NA
NA	NA	NA	NA	NA	NA	NA
NA	NA	NA	NA	NA	NA	NA
NA	NA	NA	NA	NA	NA	NA
NA	NA	NA	NA	NA	NA	NA
NA	NA	NA	NA	NA	NA	NA
NA	NA	NA	NA	NA	NA	NA
NA	NA	NA	NA	NA	NA	NA
NA	NA	NA	NA	NA	NA	NA
NA	NA	NA	NA	NA	NA	NA
NA	NA	NA	NA	NA	NA	NA
NA	NA	NA	NA	NA	NA	NA
NA	NA	NA	NA	NA	NA	NA
NA	NA	NA	NA	NA	NA	NA
NA	NA	NA	NA	NA	NA	NA
NA	NA	NA	NA	NA	NA	NA
NA	NA	NA	NA	NA	NA	NA
NA	NA	NA	NA	NA	NA	NA
NA	NA	NA	NA	NA	NA	NA
NA	NA	NA	NA	NA	NA	NA
NA	NA	NA	NA	NA	NA	NA
NA	NA	NA	NA	NA	NA	NA
NA	NA	NA	NA	NA	NA	NA
NA	NA	NA	NA	NA	NA	NA
NA	NA	NA	NA	NA	NA	NA
NA	NA	NA	NA	NA	NA	NA
NA	NA	NA	NA	NA	NA	NA
NA	NA	NA	NA	NA	NA	NA
NA	NA	NA	NA	NA	NA	NA
NA	NA	NA	NA	NA	NA	NA
NA	NA	NA	NA	NA	NA	NA
NA	NA	NA	NA	NA	NA	NA
NA	NA	NA	NA	NA	NA	NA
NA	NA	NA	NA	NA	NA	NA
NA	NA	NA	NA	NA	NA	NA
NA	NA	NA	NA	NA	NA	NA
NA	NA	NA	NA	NA	NA	NA
NA	NA	NA	NA	NA	NA	NA
NA	NA	NA	NA	NA	NA	NA
NA	NA	NA	NA	NA	NA	NA
NA	NA	NA	NA	NA	NA	NA
NA	NA	NA	NA	NA	NA	NA
NA	NA	NA	NA	NA	NA	NA
NA	NA	NA	NA	NA	NA	NA
NA	NA	NA	NA	NA	NA	NA
NA	NA	NA	NA	NA	NA	NA
NA	NA	NA	NA	NA	NA	NA
NA	NA	NA	NA	NA	NA	NA
NA	NA	NA	NA	NA	NA	NA
NA	NA	NA	NA	NA	NA	NA
