subjID	offer	accept	response_time	human	ingroup	block_fair	run
sub-106	9	1	0.27622	1	1	1	1
sub-106	10	1	0.36399	1	1	1	1
sub-106	2	0	0.0890299999999999	1	1	1	1
sub-106	10	1	0.31823	1	1	1	1
sub-106	7	1	0.38061	1	1	1	1
sub-106	8	1	0.30179	1	1	1	1
sub-106	8	1	0.22531	1	1	1	1
sub-106	5	0	0.41223	1	1	1	1
sub-106	9	1	0.4179	1	1	1	1
sub-106	9	1	0.32259	1	1	1	1
sub-106	9	1	0.02085	1	1	1	1
sub-106	6	0	0.54758	1	1	1	1
sub-106	7	1	0.41683	1	1	1	1
sub-106	10	1	0.03128	1	1	1	1
sub-106	4	0	0.06382	1	1	1	1
sub-106	7	1	0.32073	1	1	1	1
sub-106	5	0	0.4877	1	1	0	1
sub-106	3	0	0.58459	1	1	0	1
sub-106	1	0	0.2615	1	1	0	1
sub-106	1	0	0.36031	1	1	0	1
sub-106	2	0	0.16563	1	1	0	1
sub-106	7	1	0.51088	1	1	0	1
sub-106	4	0	0.30687	1	1	0	1
sub-106	1	0	0.38429	1	1	0	1
sub-106	7	1	0.48313	1	1	1	2
sub-106	7	1	0.02264	1	1	1	2
sub-106	9	1	1.1757	1	1	1	2
sub-106	7	1	0.0724499999999999	1	1	1	2
sub-106	9	1	0.56845	1	1	1	2
sub-106	2	0	0.55138	1	1	1	2
sub-106	8	1	0.44993	1	1	1	2
sub-106	6	0	0.38192	1	1	1	2
sub-106	4	0	0.2892	1	1	0	2
sub-106	3	0	0.0267999999999999	1	1	0	2
sub-106	8	1	0.1591	1	1	0	2
sub-106	2	0	0.01841	1	1	0	2
sub-106	3	0	0.02152	1	1	0	2
sub-106	1	0	0.33334	1	1	0	2
sub-106	5	0	0.1101	1	1	0	2
sub-106	4	0	0.27222	1	1	0	2
sub-106	4	0	0.23688	1	1	0	2
sub-106	4	0	0.03162	1	1	0	2
sub-106	4	0	0.0184800000000001	1	1	0	2
sub-106	1	0	0.01878	1	1	0	2
sub-106	4	0	0.6869	1	1	0	2
sub-106	6	0	0.15663	1	1	0	2
sub-106	8	1	0.92843	1	1	0	2
sub-106	2	0	0.02518	1	1	0	2
sub-109	10	1	1.44422	1	1	1	1
sub-109	7	1	0.78732	1	1	1	1
sub-109	4	1	0.83442	1	1	1	1
sub-109	10	1	0.45152	1	1	1	1
sub-109	7	1	0.59231	1	1	1	1
sub-109	6	1	0.23	1	1	1	1
sub-109	9	1	1.33518	1	1	1	1
sub-109	7	1	1.08889	1	1	1	1
sub-109	6	1	1.06013	1	1	1	1
sub-109	8	1	1.5469	1	1	1	1
sub-109	9	1	0.5428	1	1	1	1
sub-109	10	1	1.02079	1	1	1	1
sub-109	7	1	0.90987	1	1	1	1
sub-109	4	1	0.38709	1	1	1	1
sub-109	9	1	0.35057	1	1	1	1
sub-109	3	1	1.34722	1	1	0	1
sub-109	10	1	0.77781	1	1	0	1
sub-109	1	1	1.18504	1	1	0	1
sub-109	1	0	0.40646	1	1	0	1
sub-109	2	1	0.45965	1	1	0	1
sub-109	3	1	1.18244	1	1	0	1
sub-109	4	1	1.171	1	1	0	1
sub-109	6	1	1.21521	1	1	0	2
sub-109	1	0	0.17271	1	1	0	2
sub-109	9	1	0.70886	1	1	0	2
sub-109	1	0	0.3381	1	1	0	2
sub-109	2	1	0.50739	1	1	0	2
sub-109	1	0	0.82401	1	1	0	2
sub-109	1	0	1.48628	1	1	0	2
sub-109	4	1	0.53904	1	1	0	2
sub-109	2	1	0.33721	1	1	0	2
sub-109	6	1	0.1553	1	1	0	2
sub-109	4	1	0.17562	1	1	0	2
sub-109	4	1	0.0312399999999999	1	1	0	2
sub-109	1	0	1.08836	1	1	0	2
sub-109	8	1	1.18707	1	1	1	2
sub-109	9	1	1.09472	1	1	1	2
sub-109	8	1	0.43019	1	1	1	2
sub-109	3	1	1.57411	1	1	1	2
sub-109	10	1	0.9966	1	1	1	2
sub-109	7	1	0.23458	1	1	1	2
sub-109	9	1	1.63908	1	1	1	2
sub-110	8	1	0.0226200000000001	1	1	1	1
sub-110	9	1	0.0200199999999999	1	1	1	1
sub-110	8	1	0.0592699999999999	1	1	1	1
sub-110	8	1	0.0312600000000001	1	1	1	1
sub-110	3	0	0.0189600000000001	1	1	1	1
sub-110	5	1	0.02671	1	1	1	1
sub-110	8	1	0.0324500000000001	1	1	1	1
sub-110	7	1	0.0198499999999999	1	1	1	1
sub-110	5	1	0.0166599999999999	1	1	1	1
sub-110	8	1	0.0225200000000001	1	1	1	1
sub-110	7	1	0.0291399999999999	1	1	1	1
sub-110	7	1	0.03193	1	1	1	1
sub-110	8	1	0.02179	1	1	1	1
sub-110	9	1	0.0285	1	1	1	1
sub-110	2	0	0.01797	1	1	1	1
sub-110	7	1	0.02447	1	1	1	1
sub-110	4	0	0.02125	1	1	0	1
sub-110	6	1	0.0297799999999999	1	1	0	1
sub-110	1	0	0.0308900000000001	1	1	0	1
sub-110	3	0	0.0202899999999999	1	1	0	1
sub-110	3	0	0.02867	1	1	0	1
sub-110	8	1	0.0189999999999999	1	1	0	1
sub-110	4	0	0.02302	1	1	0	1
sub-110	4	0	0.03128	1	1	0	1
sub-110	10	1	0.0237799999999999	1	1	0	2
sub-110	5	1	0.0315099999999999	1	1	0	2
sub-110	3	0	0.01827	1	1	0	2
sub-110	4	1	0.02075	1	1	0	2
sub-110	3	0	0.1808	1	1	0	2
sub-110	1	0	0.02031	1	1	0	2
sub-110	1	0	0.0281400000000001	1	1	0	2
sub-110	4	0	0.01719	1	1	0	2
sub-110	10	1	0.0214399999999999	1	1	1	2
sub-110	10	1	0.0182199999999999	1	1	1	2
sub-110	6	1	0.0272300000000001	1	1	1	2
sub-110	10	1	0.03277	1	1	1	2
sub-110	8	1	0.0207299999999999	1	1	1	2
sub-110	3	0	0.0251600000000001	1	1	1	2
sub-110	8	1	0.0326500000000001	1	1	1	2
sub-110	7	1	0.02203	1	1	1	2
sub-110	1	0	0.0298799999999999	1	1	0	2
sub-110	1	0	0.01921	1	1	0	2
sub-110	1	0	0.0248299999999999	1	1	0	2
sub-110	2	1	0.0294300000000001	1	1	0	2
sub-110	1	0	0.0209999999999999	1	1	0	2
sub-110	9	1	0.0253399999999999	1	1	0	2
sub-110	4	0	0.0327	1	1	0	2
sub-110	6	1	0.0226999999999999	1	1	0	2
sub-105	7	1	0.6749	1	1	1	1
sub-105	9	1	0.52165	1	1	1	1
sub-105	2	0	0.52015	1	1	1	1
sub-105	8	1	0.45953	1	1	1	1
sub-105	9	1	0.50555	1	1	1	1
sub-105	9	1	0.59205	1	1	1	1
sub-105	6	1	0.61124	1	1	1	1
sub-105	8	1	0.74925	1	1	1	1
sub-105	10	1	0.59314	1	1	1	1
sub-105	6	0	1.25638	1	1	1	1
sub-105	9	1	0.46647	1	1	1	1
sub-105	3	0	0.43522	1	1	1	1
sub-105	7	1	0.49731	1	1	1	1
sub-105	9	1	0.58805	1	1	1	1
sub-105	8	1	0.97627	1	1	1	1
sub-105	7	1	0.59602	1	1	1	1
sub-105	2	0	1.19017	1	1	0	1
sub-105	2	1	0.65613	1	1	0	1
sub-105	3	1	0.71519	1	1	0	1
sub-105	6	1	0.51297	1	1	0	1
sub-105	3	0	0.52079	1	1	0	1
sub-105	4	0	0.47639	1	1	0	1
sub-105	10	1	0.43965	1	1	0	1
sub-105	4	0	0.48855	1	1	0	1
sub-105	1	0	0.55048	1	1	0	2
sub-105	4	1	0.55032	1	1	0	2
sub-105	1	0	0.45791	1	1	0	2
sub-105	2	0	0.48977	1	1	0	2
sub-105	5	1	0.46071	1	1	0	2
sub-105	8	1	0.81888	1	1	0	2
sub-105	2	0	0.4505	1	1	0	2
sub-105	2	0	0.43172	1	1	0	2
sub-105	8	1	0.55147	1	1	1	2
sub-105	7	1	0.50394	1	1	1	2
sub-105	8	1	0.4157	1	1	1	2
sub-105	7	1	0.55023	1	1	1	2
sub-105	9	1	0.58373	1	1	1	2
sub-105	9	1	0.94586	1	1	1	2
sub-105	3	0	0.73488	1	1	1	2
sub-105	6	1	0.58207	1	1	1	2
sub-105	4	1	1.11484	1	1	0	2
sub-105	2	0	0.56849	1	1	0	2
sub-105	3	1	0.5051	1	1	0	2
sub-105	1	0	0.91486	1	1	0	2
sub-105	7	1	0.47347	1	1	0	2
sub-105	3	0	0.45872	1	1	0	2
sub-105	4	1	0.39184	1	1	0	2
sub-105	6	1	0.45175	1	1	0	2
sub-108	5	1	0.7524	1	1	1	1
sub-108	2	0	0.68528	1	1	1	1
sub-108	7	1	0.40206	1	1	1	1
sub-108	7	1	0.48605	1	1	1	1
sub-108	9	1	0.45215	1	1	1	1
sub-108	10	1	0.46762	1	1	1	1
sub-108	8	1	0.56805	1	1	1	1
sub-108	7	1	0.43222	1	1	1	1
sub-108	3	0	0.58394	1	1	0	1
sub-108	3	0	0.2997	1	1	0	1
sub-108	1	0	0.28434	1	1	0	1
sub-108	3	1	0.36807	1	1	0	1
sub-108	3	1	0.60213	1	1	0	1
sub-108	8	1	0.24913	1	1	0	1
sub-108	6	1	0.0294000000000001	1	1	0	1
sub-108	1	0	0.41319	1	1	0	1
sub-108	10	1	0.02549	1	1	0	1
sub-108	5	1	0.0598399999999999	1	1	0	1
sub-108	4	1	0.0231699999999999	1	1	0	1
sub-108	4	1	0.03335	1	1	0	1
sub-108	4	1	0.0218	1	1	0	1
sub-108	2	0	0.02075	1	1	0	1
sub-108	2	0	0.01776	1	1	0	1
sub-108	3	0	0.0180899999999999	1	1	0	1
sub-108	2	0	0.0300400000000001	1	1	0	2
sub-108	3	0	0.01955	1	1	0	2
sub-108	3	0	0.0306900000000001	1	1	0	2
sub-108	9	1	0.01735	1	1	0	2
sub-108	2	0	0.0256799999999999	1	1	0	2
sub-108	1	1	0.03304	1	1	0	2
sub-108	1	0	0.0330600000000001	1	1	0	2
sub-108	6	1	0.01806	1	1	0	2
sub-108	10	1	0.02498	1	1	1	2
sub-108	10	1	0.02938	1	1	1	2
sub-108	9	1	0.0260499999999999	1	1	1	2
sub-108	3	0	0.0285	1	1	1	2
sub-108	10	1	0.0277499999999999	1	1	1	2
sub-108	10	1	0.0263100000000001	1	1	1	2
sub-108	5	1	0.0202100000000001	1	1	1	2
sub-108	8	1	0.02498	1	1	1	2
sub-108	8	1	0.03243	1	1	1	2
sub-108	9	0	0.0219100000000001	1	1	1	2
sub-108	8	1	0.02254	1	1	1	2
sub-108	9	1	0.02142	1	1	1	2
sub-108	2	1	0.02013	1	1	1	2
sub-108	7	1	0.0195000000000001	1	1	1	2
sub-108	6	1	0.0325599999999999	1	1	1	2
sub-108	10	1	0.0200400000000001	1	1	1	2
sub-107	3	0	1.21514	1	1	0	1
sub-107	2	0	0.4525	1	1	0	1
sub-107	1	0	0.23101	1	1	0	1
sub-107	4	1	0.3205	1	1	0	1
sub-107	4	1	0.24247	1	1	0	1
sub-107	6	1	0.25816	1	1	0	1
sub-107	7	1	0.34014	1	1	0	1
sub-107	2	0	0.23645	1	1	0	1
sub-107	8	1	0.32933	1	1	1	1
sub-107	2	0	1.01891	1	1	1	1
sub-107	7	1	0.27415	1	1	1	1
sub-107	7	1	0.34687	1	1	1	1
sub-107	9	1	1.18618	1	1	1	1
sub-107	8	1	0.92387	1	1	1	1
sub-107	6	0	1.6469	1	1	1	1
sub-107	9	1	0.33326	1	1	1	1
sub-107	3	0	0.37992	1	1	0	1
sub-107	2	0	0.30038	1	1	0	1
sub-107	1	0	0.54018	1	1	0	1
sub-107	5	1	0.74654	1	1	0	1
sub-107	2	0	0.24444	1	1	0	1
sub-107	2	0	0.26151	1	1	0	1
sub-107	9	1	0.29939	1	1	0	1
sub-107	4	1	1.82264	1	1	0	1
sub-107	4	0	1.53294	1	1	1	2
sub-107	8	1	0.27946	1	1	1	2
sub-107	7	1	0.15093	1	1	1	2
sub-107	7	1	0.28371	1	1	1	2
sub-107	10	1	0.29713	1	1	1	2
sub-107	5	0	0.5701	1	1	1	2
sub-107	8	1	0.30924	1	1	1	2
sub-107	9	1	0.31411	1	1	1	2
sub-107	10	1	0.36067	1	1	1	2
sub-107	6	1	0.57845	1	1	1	2
sub-107	8	1	0.31199	1	1	1	2
sub-107	9	1	0.0320800000000001	1	1	1	2
sub-107	10	1	0.26941	1	1	1	2
sub-107	10	1	0.36056	1	1	1	2
sub-107	9	1	0.26808	1	1	1	2
sub-107	1	0	0.80848	1	1	1	2
sub-107	6	1	0.1982	1	1	0	2
sub-107	1	0	0.01766	1	1	0	2
sub-107	1	0	0.47729	1	1	0	2
sub-107	4	1	0.71851	1	1	0	2
sub-107	1	0	0.0246	1	1	0	2
sub-107	3	0	0.79109	1	1	0	2
sub-107	8	1	0.22075	1	1	0	2
sub-111	1	0	1.64755	1	1	1	1
sub-111	7	0	1.78899	1	1	1	1
sub-111	6	0	1.66891	1	1	1	1
sub-111	7	1	1.16751	1	1	1	1
sub-111	9	1	1.11025	1	1	1	1
sub-111	8	1	0.59365	1	1	1	1
sub-111	9	1	0.80173	1	1	1	1
sub-111	10	1	0.32174	1	1	1	1
sub-111	1	0	0.30775	1	1	0	1
sub-111	4	0	0.0219800000000001	1	1	0	1
sub-111	1	0	0.0230900000000001	1	1	0	1
sub-111	8	1	0.02874	1	1	0	1
sub-111	3	0	0.0220199999999999	1	1	0	1
sub-111	4	0	0.01877	1	1	0	1
sub-111	2	0	0.03224	1	1	0	1
sub-111	5	0	0.21858	1	1	0	1
sub-111	5	1	0.57305	1	1	1	1
sub-111	7	1	0.0245299999999999	1	1	1	1
sub-111	9	1	0.03227	1	1	1	1
sub-111	9	1	0.02183	1	1	1	1
sub-111	8	1	0.44804	1	1	1	1
sub-111	7	1	0.01919	1	1	1	1
sub-111	1	0	0.46127	1	1	1	1
sub-111	9	1	0.01962	1	1	1	1
sub-111	6	1	0.44671	1	1	0	2
sub-111	1	0	0.0187999999999999	1	1	0	2
sub-111	4	1	0.02997	1	1	0	2
sub-111	2	0	0.02965	1	1	0	2
sub-111	4	0	0.13566	1	1	0	2
sub-111	2	0	0.32619	1	1	0	2
sub-111	10	1	0.03302	1	1	0	2
sub-111	1	0	0.17165	1	1	0	2
sub-111	10	1	0.0306200000000001	1	1	1	2
sub-111	7	1	0.02881	1	1	1	2
sub-111	10	1	0.0197799999999999	1	1	1	2
sub-111	6	1	0.07748	1	1	1	2
sub-111	7	1	0.0301499999999999	1	1	1	2
sub-111	9	1	0.0250999999999999	1	1	1	2
sub-111	4	1	0.19903	1	1	1	2
sub-111	8	1	0.02413	1	1	1	2
sub-111	2	0	0.6943	1	1	0	2
sub-111	6	1	0.0317000000000001	1	1	0	2
sub-111	7	1	0.0183899999999999	1	1	0	2
sub-111	4	1	0.0322199999999999	1	1	0	2
sub-111	3	0	0.0238	1	1	0	2
sub-111	4	1	0.0235099999999999	1	1	0	2
sub-111	1	0	0.0305	1	1	0	2
sub-111	1	0	0.02007	1	1	0	2
sub-112	4	1	0.38912	1	1	0	1
sub-112	4	1	0.59681	1	1	0	1
sub-112	1	0	0.35324	1	1	0	1
sub-112	10	1	0.52601	1	1	0	1
sub-112	2	0	0.94897	1	1	0	1
sub-112	5	1	0.75474	1	1	0	1
sub-112	4	1	0.84413	1	1	0	1
sub-112	3	1	0.45064	1	1	0	1
sub-112	10	1	0.44802	1	1	1	1
sub-112	6	1	0.80433	1	1	1	1
sub-112	4	1	0.64356	1	1	1	1
sub-112	10	1	0.89923	1	1	1	1
sub-112	10	1	0.48827	1	1	1	1
sub-112	8	1	0.6946	1	1	1	1
sub-112	7	1	0.4349	1	1	1	1
sub-112	7	1	0.75611	1	1	1	1
sub-112	2	0	0.35565	1	1	0	1
sub-112	4	1	0.47812	1	1	0	1
sub-112	1	0	0.93612	1	1	0	1
sub-112	5	1	0.45835	1	1	0	1
sub-112	4	1	1.04812	1	1	0	1
sub-112	1	0	0.55462	1	1	0	1
sub-112	2	0	0.7438	1	1	0	1
sub-112	8	1	0.46654	1	1	0	1
sub-112	2	0	0.33873	1	1	1	2
sub-112	10	1	0.47819	1	1	1	2
sub-112	6	1	0.43531	1	1	1	2
sub-112	7	1	0.44105	1	1	1	2
sub-112	7	1	0.65086	1	1	1	2
sub-112	8	1	0.52343	1	1	1	2
sub-112	10	1	0.67944	1	1	1	2
sub-112	7	1	0.38486	1	1	1	2
sub-112	10	1	0.35953	1	1	1	2
sub-112	6	1	0.31772	1	1	1	2
sub-112	8	1	0.35701	1	1	1	2
sub-112	3	0	0.51312	1	1	1	2
sub-112	9	1	1.30297	1	1	1	2
sub-112	10	1	0.45791	1	1	1	2
sub-112	8	1	0.36388	1	1	1	2
sub-112	7	1	0.01929	1	1	1	2
sub-112	2	0	0.33977	1	1	0	2
sub-112	4	1	0.41256	1	1	0	2
sub-112	1	0	0.31948	1	1	0	2
sub-112	4	1	0.37586	1	1	0	2
sub-112	3	0	0.46559	1	1	0	2
sub-112	7	1	0.47179	1	1	0	2
sub-112	6	1	0.51095	1	1	0	2
sub-112	1	0	0.45022	1	1	0	2
sub-113	4	0	0.77678	1	1	0	1
sub-113	1	0	0.38372	1	1	0	1
sub-113	4	0	0.69037	1	1	0	1
sub-113	3	0	0.42922	1	1	0	1
sub-113	8	1	0.68513	1	1	0	1
sub-113	1	0	0.42268	1	1	0	1
sub-113	6	1	0.41465	1	1	0	1
sub-113	4	0	0.38707	1	1	0	1
sub-113	5	1	0.925	1	1	0	1
sub-113	2	0	0.38053	1	1	0	1
sub-113	2	0	0.72127	1	1	0	1
sub-113	2	0	0.55764	1	1	0	1
sub-113	7	1	0.64683	1	1	0	1
sub-113	2	0	0.46957	1	1	0	1
sub-113	2	0	0.45963	1	1	0	1
sub-113	1	0	0.78245	1	1	0	1
sub-113	1	0	0.54741	1	1	1	1
sub-113	7	1	0.5215	1	1	1	1
sub-113	8	1	0.44392	1	1	1	1
sub-113	6	1	0.66633	1	1	1	1
sub-113	7	1	0.55547	1	1	1	1
sub-113	9	1	0.46137	1	1	1	1
sub-113	8	1	0.7665	1	1	1	1
sub-113	7	1	0.53844	1	1	1	1
sub-113	1	0	0.52376	1	1	1	2
sub-113	10	1	0.42966	1	1	1	2
sub-113	7	1	0.55379	1	1	1	2
sub-113	9	1	0.69298	1	1	1	2
sub-113	7	1	0.46481	1	1	1	2
sub-113	10	1	0.488	1	1	1	2
sub-113	6	1	0.76071	1	1	1	2
sub-113	8	1	0.28293	1	1	1	2
sub-113	4	0	1.03233	1	1	0	2
sub-113	2	0	0.4056	1	1	0	2
sub-113	7	1	0.48069	1	1	0	2
sub-113	1	0	0.38615	1	1	0	2
sub-113	6	0	1.12622	1	1	0	2
sub-113	3	0	0.39871	1	1	0	2
sub-113	2	0	0.33851	1	1	0	2
sub-113	2	0	0.39464	1	1	0	2
sub-113	9	1	0.4575	1	1	1	2
sub-113	1	0	0.0295799999999999	1	1	1	2
sub-113	8	1	0.3212	1	1	1	2
sub-113	9	1	0.39386	1	1	1	2
sub-113	8	1	0.58363	1	1	1	2
sub-113	10	1	0.47261	1	1	1	2
sub-113	6	0	0.94549	1	1	1	2
sub-113	9	1	0.40097	1	1	1	2
sub-115	8	1	0.5766	1	1	0	1
sub-115	3	1	0.79754	1	1	0	1
sub-115	4	0	0.44001	1	1	0	1
sub-115	1	0	0.59557	1	1	0	1
sub-115	3	1	0.93577	1	1	0	1
sub-115	3	0	1.17637	1	1	0	1
sub-115	3	0	0.23393	1	1	0	1
sub-115	5	1	0.53808	1	1	0	1
sub-115	9	1	0.47936	1	1	1	1
sub-115	7	0	0.50359	1	1	1	1
sub-115	7	0	0.42798	1	1	1	1
sub-115	8	0	0.61352	1	1	1	1
sub-115	9	0	0.42217	1	1	1	1
sub-115	9	0	0.39688	1	1	1	1
sub-115	3	0	0.63674	1	1	1	1
sub-115	6	1	0.65929	1	1	1	1
sub-115	6	0	1.52704	1	1	1	1
sub-115	9	1	1.02977	1	1	1	1
sub-115	8	1	0.9892	1	1	1	1
sub-115	10	1	0.57791	1	1	1	1
sub-115	7	0	0.68274	1	1	1	1
sub-115	9	1	0.42307	1	1	1	1
sub-115	2	0	0.84534	1	1	1	1
sub-115	7	0	0.45254	1	1	1	1
sub-115	4	0	0.41868	1	1	1	2
sub-115	10	1	0.45885	1	1	1	2
sub-115	10	1	0.51769	1	1	1	2
sub-115	9	1	0.4382	1	1	1	2
sub-115	6	0	0.61341	1	1	1	2
sub-115	8	1	0.4524	1	1	1	2
sub-115	7	0	0.40847	1	1	1	2
sub-115	7	1	0.49949	1	1	1	2
sub-115	3	1	1.34138	1	1	0	2
sub-115	4	0	0.39774	1	1	0	2
sub-115	3	1	0.53602	1	1	0	2
sub-115	8	1	0.65916	1	1	0	2
sub-115	3	1	1.06567	1	1	0	2
sub-115	2	0	0.50418	1	1	0	2
sub-115	5	1	0.44415	1	1	0	2
sub-115	2	0	0.41491	1	1	0	2
sub-115	1	1	0.40433	1	1	0	2
sub-115	3	1	0.61159	1	1	0	2
sub-115	1	1	0.43418	1	1	0	2
sub-115	6	0	1.04036	1	1	0	2
sub-115	4	0	0.49658	1	1	0	2
sub-115	8	1	0.46981	1	1	0	2
sub-115	1	1	0.44281	1	1	0	2
sub-116	10	1	0.50273	1	1	1	1
sub-116	10	1	0.38438	1	1	1	1
sub-116	6	1	0.38423	1	1	1	1
sub-116	7	1	0.31634	1	1	1	1
sub-116	4	0	0.38314	1	1	1	1
sub-116	8	1	0.32908	1	1	1	1
sub-116	7	1	0.32754	1	1	1	1
sub-116	8	1	0.29444	1	1	1	1
sub-116	8	1	0.4039	1	1	1	1
sub-116	10	1	0.30145	1	1	1	1
sub-116	10	1	0.30143	1	1	1	1
sub-116	10	1	0.34705	1	1	1	1
sub-116	10	1	0.33394	1	1	1	1
sub-116	5	0	0.38357	1	1	1	1
sub-116	7	1	0.39694	1	1	1	1
sub-116	3	0	0.32992	1	1	1	1
sub-116	3	0	0.43606	1	1	0	1
sub-116	3	0	0.34862	1	1	0	1
sub-116	7	1	0.37859	1	1	0	1
sub-116	3	0	0.47694	1	1	0	1
sub-116	6	0	0.35994	1	1	0	1
sub-116	3	0	0.30992	1	1	0	1
sub-116	1	0	0.30667	1	1	0	1
sub-116	4	0	0.3083	1	1	0	1
sub-116	7	1	0.28888	1	1	1	2
sub-116	7	1	0.29008	1	1	1	2
sub-116	7	1	0.2731	1	1	1	2
sub-116	6	0	0.34216	1	1	1	2
sub-116	10	1	0.27466	1	1	1	2
sub-116	2	0	0.35522	1	1	1	2
sub-116	8	1	0.30406	1	1	1	2
sub-116	10	1	0.41897	1	1	1	2
sub-116	1	0	0.55806	1	1	0	2
sub-116	5	0	0.32186	1	1	0	2
sub-116	4	0	0.37212	1	1	0	2
sub-116	1	0	0.30567	1	1	0	2
sub-116	2	0	0.33882	1	1	0	2
sub-116	1	0	0.42038	1	1	0	2
sub-116	7	1	0.51901	1	1	0	2
sub-116	2	0	0.43411	1	1	0	2
sub-116	3	0	0.35494	1	1	0	2
sub-116	2	0	0.33314	1	1	0	2
sub-116	1	0	0.33054	1	1	0	2
sub-116	8	1	0.4135	1	1	0	2
sub-116	3	0	0.39681	1	1	0	2
sub-116	1	0	0.34487	1	1	0	2
sub-116	6	0	0.26197	1	1	0	2
sub-116	2	0	0.28883	1	1	0	2
sub-117	8	1	0.46323	1	1	1	1
sub-117	10	1	0.36292	1	1	1	1
sub-117	5	1	0.347	1	1	1	1
sub-117	7	1	0.31465	1	1	1	1
sub-117	10	1	0.93096	1	1	1	1
sub-117	1	0	0.52867	1	1	1	1
sub-117	9	1	0.38309	1	1	1	1
sub-117	10	1	0.36749	1	1	1	1
sub-117	2	0	0.51581	1	1	0	1
sub-117	4	1	0.47005	1	1	0	1
sub-117	10	1	0.40384	1	1	0	1
sub-117	2	1	0.45138	1	1	0	1
sub-117	1	0	0.36557	1	1	0	1
sub-117	5	1	0.31846	1	1	0	1
sub-117	2	1	0.33885	1	1	0	1
sub-117	2	1	0.37207	1	1	0	1
sub-117	8	1	0.42113	1	1	0	1
sub-117	4	1	0.50662	1	1	0	1
sub-117	1	0	0.48843	1	1	0	1
sub-117	4	1	0.28794	1	1	0	1
sub-117	5	1	0.33475	1	1	0	1
sub-117	4	1	0.38713	1	1	0	1
sub-117	1	0	0.41617	1	1	0	1
sub-117	3	1	0.27896	1	1	0	1
sub-117	5	1	0.49074	1	1	1	2
sub-117	10	1	0.31995	1	1	1	2
sub-117	1	0	0.37002	1	1	1	2
sub-117	9	1	0.3033	1	1	1	2
sub-117	10	1	0.28479	1	1	1	2
sub-117	9	1	0.571	1	1	1	2
sub-117	10	1	0.32156	1	1	1	2
sub-117	10	1	0.48465	1	1	1	2
sub-117	9	1	0.55422	1	1	1	2
sub-117	9	1	0.37289	1	1	1	2
sub-117	9	1	0.29117	1	1	1	2
sub-117	7	1	0.31302	1	1	1	2
sub-117	7	1	0.31011	1	1	1	2
sub-117	5	1	0.30661	1	1	1	2
sub-117	10	1	0.27188	1	1	1	2
sub-117	1	0	0.32297	1	1	1	2
sub-117	2	1	0.40385	1	1	0	2
sub-117	4	1	0.44044	1	1	0	2
sub-117	9	1	0.25761	1	1	0	2
sub-117	1	0	0.35516	1	1	0	2
sub-117	4	1	0.33912	1	1	0	2
sub-117	2	1	0.33595	1	1	0	2
sub-117	2	1	0.3205	1	1	0	2
sub-117	5	1	0.33725	1	1	0	2
sub-118	8	1	0.53967	1	1	1	1
sub-118	8	1	0.32627	1	1	1	1
sub-118	5	1	0.4805	1	1	1	1
sub-118	9	1	0.30064	1	1	1	1
sub-118	9	1	0.30264	1	1	1	1
sub-118	8	1	0.34329	1	1	1	1
sub-118	4	0	0.44898	1	1	1	1
sub-118	7	0	0.49146	1	1	1	1
sub-118	1	0	0.35515	1	1	1	1
sub-118	9	0	0.0242500000000001	1	1	1	1
sub-118	6	1	0.31651	1	1	1	1
sub-118	10	1	0.38519	1	1	1	1
sub-118	9	1	0.9137	1	1	1	1
sub-118	7	1	0.29975	1	1	1	1
sub-118	10	1	0.28525	1	1	1	1
sub-118	9	1	0.34169	1	1	1	1
sub-118	2	0	0.30678	1	1	0	1
sub-118	6	0	0.52253	1	1	0	1
sub-118	4	1	0.90396	1	1	0	1
sub-118	1	0	0.3749	1	1	0	1
sub-118	9	0	0.02366	1	1	0	1
sub-118	1	1	0.38369	1	1	0	1
sub-118	4	1	0.33121	1	1	0	1
sub-118	4	1	0.0321800000000001	1	1	0	1
sub-118	2	1	0.55281	1	1	0	2
sub-118	8	1	0.35857	1	1	0	2
sub-118	1	1	0.38493	1	1	0	2
sub-118	1	1	0.64629	1	1	0	2
sub-118	3	1	0.21448	1	1	0	2
sub-118	4	1	0.0286599999999999	1	1	0	2
sub-118	5	1	0.01973	1	1	0	2
sub-118	3	1	0.25367	1	1	0	2
sub-118	10	1	0.29753	1	1	1	2
sub-118	10	1	0.43238	1	1	1	2
sub-118	8	1	0.29747	1	1	1	2
sub-118	1	1	0.37663	1	1	1	2
sub-118	7	1	0.46243	1	1	1	2
sub-118	9	1	0.28533	1	1	1	2
sub-118	5	1	0.8913	1	1	1	2
sub-118	10	1	0.54421	1	1	1	2
sub-118	1	1	0.22362	1	1	0	2
sub-118	3	1	0.01915	1	1	0	2
sub-118	2	0	0.0168699999999999	1	1	0	2
sub-118	4	0	0.02983	1	1	0	2
sub-118	3	0	0.0177700000000001	1	1	0	2
sub-118	7	1	0.02162	1	1	0	2
sub-118	6	1	0.11477	1	1	0	2
sub-118	1	1	0.0286900000000001	1	1	0	2
sub-120	4	0	0.32117	1	1	0	1
sub-120	8	1	0.0278799999999999	1	1	0	1
sub-120	3	0	0.2679	1	1	0	1
sub-120	3	0	0.2747	1	1	0	1
sub-120	4	0	0.0304199999999999	1	1	0	1
sub-120	3	0	0.36987	1	1	0	1
sub-120	1	0	0.0253699999999999	1	1	0	1
sub-120	5	1	0.63191	1	1	0	1
sub-120	2	0	0.01844	1	1	1	1
sub-120	10	1	0.02417	1	1	1	1
sub-120	6	0	0.29843	1	1	1	1
sub-120	8	1	0.10562	1	1	1	1
sub-120	8	1	0.0276000000000001	1	1	1	1
sub-120	9	1	0.21726	1	1	1	1
sub-120	9	1	0.48993	1	1	1	1
sub-120	9	1	0.17903	1	1	1	1
sub-120	4	0	0.0308200000000001	1	1	0	1
sub-120	2	0	0.27272	1	1	0	1
sub-120	2	0	0.0450900000000001	1	1	0	1
sub-120	3	0	0.65165	1	1	0	1
sub-120	3	1	0.0235000000000001	1	1	0	1
sub-120	8	1	0.02911	1	1	0	1
sub-120	5	0	0.0184899999999999	1	1	0	1
sub-120	1	0	0.0240899999999999	1	1	0	1
sub-120	4	0	0.0176799999999999	1	1	0	2
sub-120	1	0	0.02599	1	1	0	2
sub-120	2	0	0.032	1	1	0	2
sub-120	4	0	0.17252	1	1	0	2
sub-120	7	1	0.0292600000000001	1	1	0	2
sub-120	5	0	0.01823	1	1	0	2
sub-120	2	0	0.0246	1	1	0	2
sub-120	2	0	0.03009	1	1	0	2
sub-120	7	1	0.02023	1	1	1	2
sub-120	8	1	0.02728	1	1	1	2
sub-120	7	1	0.03335	1	1	1	2
sub-120	10	1	0.02342	1	1	1	2
sub-120	3	0	0.02962	1	1	1	2
sub-120	9	1	0.01881	1	1	1	2
sub-120	5	0	0.0245500000000001	1	1	1	2
sub-120	7	1	0.03017	1	1	1	2
sub-120	5	0	0.38528	1	1	1	2
sub-120	10	1	0.0237700000000001	1	1	1	2
sub-120	4	0	0.71491	1	1	1	2
sub-120	9	1	0.0200400000000001	1	1	1	2
sub-120	10	1	0.0260400000000001	1	1	1	2
sub-120	9	1	0.03196	1	1	1	2
sub-120	10	1	0.02233	1	1	1	2
sub-120	10	1	0.0282	1	1	1	2
sub-121	3	0	1.17162	1	1	0	1
sub-121	2	0	0.32863	1	1	0	1
sub-121	2	0	0.34237	1	1	0	1
sub-121	1	0	0.45472	1	1	0	1
sub-121	1	0	0.0915600000000001	1	1	0	1
sub-121	7	1	0.38265	1	1	0	1
sub-121	5	1	0.37249	1	1	0	1
sub-121	2	1	0.75425	1	1	0	1
sub-121	3	0	0.61304	1	1	1	1
sub-121	9	1	0.38597	1	1	1	1
sub-121	9	1	0.2939	1	1	1	1
sub-121	5	1	0.3597	1	1	1	1
sub-121	7	1	0.3762	1	1	1	1
sub-121	8	1	0.39209	1	1	1	1
sub-121	7	1	0.37544	1	1	1	1
sub-121	9	1	0.33683	1	1	1	1
sub-121	5	1	0.63503	1	1	0	1
sub-121	8	1	0.45195	1	1	0	1
sub-121	4	1	0.50309	1	1	0	1
sub-121	1	0	0.56626	1	1	0	1
sub-121	1	0	0.3631	1	1	0	1
sub-121	1	0	0.40473	1	1	0	1
sub-121	1	0	0.3962	1	1	0	1
sub-121	4	1	0.25999	1	1	0	1
sub-121	8	1	0.36021	1	1	1	2
sub-121	8	1	0.27247	1	1	1	2
sub-121	8	1	0.35877	1	1	1	2
sub-121	8	1	0.35793	1	1	1	2
sub-121	8	1	0.32268	1	1	1	2
sub-121	6	1	0.32281	1	1	1	2
sub-121	10	1	0.33854	1	1	1	2
sub-121	1	0	0.32108	1	1	1	2
sub-121	1	0	0.29235	1	1	0	2
sub-121	3	0	0.38989	1	1	0	2
sub-121	4	1	0.22564	1	1	0	2
sub-121	5	1	0.38772	1	1	0	2
sub-121	10	1	0.50429	1	1	0	2
sub-121	3	1	0.90288	1	1	0	2
sub-121	3	1	0.39762	1	1	0	2
sub-121	1	0	0.2827	1	1	0	2
sub-121	3	0	0.26397	1	1	1	2
sub-121	10	1	0.45239	1	1	1	2
sub-121	8	1	0.26875	1	1	1	2
sub-121	8	1	0.31911	1	1	1	2
sub-121	7	1	0.23467	1	1	1	2
sub-121	5	1	0.36594	1	1	1	2
sub-121	10	1	0.0306500000000001	1	1	1	2
sub-121	7	1	0.0987800000000001	1	1	1	2
sub-122	1	1	0.89654	1	1	0	1
sub-122	2	1	0.58779	1	1	0	1
sub-122	6	1	0.6632	1	1	0	1
sub-122	1	1	0.439	1	1	0	1
sub-122	8	1	0.66298	1	1	0	1
sub-122	1	1	0.68549	1	1	0	1
sub-122	2	1	0.59726	1	1	0	1
sub-122	3	1	0.68064	1	1	0	1
sub-122	10	1	0.67937	1	1	1	1
sub-122	10	1	0.53659	1	1	1	1
sub-122	10	1	0.67334	1	1	1	1
sub-122	8	1	0.52949	1	1	1	1
sub-122	2	1	0.73628	1	1	1	1
sub-122	7	1	0.7421	1	1	1	1
sub-122	6	1	0.49737	1	1	1	1
sub-122	7	1	0.62165	1	1	1	1
sub-122	6	1	0.68836	1	1	0	1
sub-122	9	1	0.81142	1	1	0	1
sub-122	1	1	0.40446	1	1	0	1
sub-122	4	1	0.4123	1	1	0	1
sub-122	4	1	0.54726	1	1	0	1
sub-122	3	1	0.53402	1	1	0	1
sub-122	3	1	0.40832	1	1	0	1
sub-122	2	1	0.4659	1	1	0	1
sub-122	5	1	0.88903	1	1	0	2
sub-122	4	1	0.77891	1	1	0	2
sub-122	7	1	0.48847	1	1	0	2
sub-122	1	0	0.69678	1	1	0	2
sub-122	3	1	0.41974	1	1	0	2
sub-122	1	0	0.85603	1	1	0	2
sub-122	1	1	0.57858	1	1	0	2
sub-122	1	1	0.48423	1	1	0	2
sub-122	5	1	0.52466	1	1	1	2
sub-122	8	1	0.54962	1	1	1	2
sub-122	7	1	0.4846	1	1	1	2
sub-122	9	1	1.02619	1	1	1	2
sub-122	10	1	0.66414	1	1	1	2
sub-122	7	1	0.4383	1	1	1	2
sub-122	9	1	0.62887	1	1	1	2
sub-122	1	1	1.45273	1	1	1	2
sub-122	9	1	0.59577	1	1	1	2
sub-122	10	1	0.57228	1	1	1	2
sub-122	7	1	0.59793	1	1	1	2
sub-122	7	1	0.46713	1	1	1	2
sub-122	1	0	0.87285	1	1	1	2
sub-122	8	1	0.51281	1	1	1	2
sub-122	8	1	0.53716	1	1	1	2
sub-122	6	1	0.69273	1	1	1	2
sub-124	7	1	0.65767	1	1	1	1
sub-124	6	1	0.31212	1	1	1	1
sub-124	8	1	0.0175700000000001	1	1	1	1
sub-124	7	1	0.34001	1	1	1	1
sub-124	10	1	0.44677	1	1	1	1
sub-124	7	1	0.42024	1	1	1	1
sub-124	3	1	0.32551	1	1	1	1
sub-124	10	1	0.567	1	1	1	1
sub-124	3	1	0.68183	1	1	0	1
sub-124	4	1	1.03678	1	1	0	1
sub-124	5	1	1.29367	1	1	0	1
sub-124	1	0	0.78232	1	1	0	1
sub-124	1	0	0.33964	1	1	0	1
sub-124	8	1	0.43069	1	1	0	1
sub-124	3	1	0.53706	1	1	0	1
sub-124	2	1	0.49398	1	1	0	1
sub-124	9	1	0.62358	1	1	0	1
sub-124	4	1	0.44606	1	1	0	1
sub-124	3	1	0.4529	1	1	0	1
sub-124	1	0	0.35876	1	1	0	1
sub-124	5	1	0.36439	1	1	0	1
sub-124	3	1	0.38602	1	1	0	1
sub-124	4	1	0.45974	1	1	0	1
sub-124	3	1	0.7826	1	1	0	1
sub-124	9	1	0.89353	1	1	1	2
sub-124	2	1	0.84867	1	1	1	2
sub-124	7	1	0.49053	1	1	1	2
sub-124	7	1	0.49734	1	1	1	2
sub-124	10	1	0.46739	1	1	1	2
sub-124	10	1	0.75607	1	1	1	2
sub-124	9	1	0.36197	1	1	1	2
sub-124	6	1	0.31828	1	1	1	2
sub-124	2	1	0.36653	1	1	0	2
sub-124	5	1	0.30771	1	1	0	2
sub-124	2	1	0.33152	1	1	0	2
sub-124	2	1	0.02241	1	1	0	2
sub-124	3	1	0.47509	1	1	0	2
sub-124	10	1	0.33525	1	1	0	2
sub-124	4	1	0.47592	1	1	0	2
sub-124	1	0	0.4624	1	1	0	2
sub-124	9	1	0.34685	1	1	1	2
sub-124	7	1	0.42009	1	1	1	2
sub-124	7	1	0.72746	1	1	1	2
sub-124	7	1	0.63448	1	1	1	2
sub-124	8	1	0.7755	1	1	1	2
sub-124	8	1	0.61349	1	1	1	2
sub-124	6	1	0.75224	1	1	1	2
sub-124	4	1	0.7242	1	1	1	2
sub-125	4	0	1.08264	1	1	0	1
sub-125	4	0	1.1529	1	1	0	1
sub-125	6	0	1.06749	1	1	0	1
sub-125	2	0	0.95251	1	1	0	1
sub-125	1	0	0.86874	1	1	0	1
sub-125	1	0	1.18683	1	1	0	1
sub-125	3	1	0.70485	1	1	0	1
sub-125	1	0	0.44248	1	1	0	1
sub-125	7	1	0.5591	1	1	0	1
sub-125	1	0	0.4638	1	1	0	1
sub-125	4	1	0.56394	1	1	0	1
sub-125	4	0	1.03412	1	1	0	1
sub-125	3	0	0.43518	1	1	0	1
sub-125	5	1	1.06869	1	1	0	1
sub-125	3	0	0.95221	1	1	0	1
sub-125	10	1	0.77842	1	1	1	1
sub-125	8	1	0.65892	1	1	1	1
sub-125	6	1	0.52671	1	1	1	1
sub-125	7	1	0.59267	1	1	1	1
sub-125	1	0	1.15879	1	1	1	1
sub-125	9	1	0.61189	1	1	1	1
sub-125	9	1	0.99335	1	1	1	1
sub-125	10	1	0.92366	1	1	1	1
sub-125	9	0	1.06644	1	1	1	2
sub-125	9	1	0.48103	1	1	1	2
sub-125	10	1	0.49794	1	1	1	2
sub-125	6	0	0.64669	1	1	1	2
sub-125	7	1	0.46116	1	1	1	2
sub-125	10	1	0.74849	1	1	1	2
sub-125	7	1	1.17974	1	1	1	2
sub-125	1	0	0.53044	1	1	1	2
sub-125	2	0	0.52615	1	1	0	2
sub-125	1	0	0.52888	1	1	0	2
sub-125	9	1	1.17934	1	1	0	2
sub-125	1	0	0.54237	1	1	0	2
sub-125	1	0	0.6102	1	1	0	2
sub-125	2	0	0.45709	1	1	0	2
sub-125	3	0	0.64203	1	1	0	2
sub-125	6	1	0.84196	1	1	0	2
sub-125	5	1	0.58517	1	1	1	2
sub-125	3	0	0.46463	1	1	1	2
sub-125	7	1	1.13324	1	1	1	2
sub-125	7	1	0.85017	1	1	1	2
sub-125	10	1	0.45257	1	1	1	2
sub-125	7	1	1.22191	1	1	1	2
sub-125	9	1	1.02177	1	1	1	2
sub-125	9	1	0.63724	1	1	1	2
sub-127	6	0	0.73264	1	1	0	1
sub-127	4	0	0.42321	1	1	0	1
sub-127	2	0	0.43118	1	1	0	1
sub-127	9	1	0.53736	1	1	0	1
sub-127	4	0	0.42626	1	1	0	1
sub-127	2	0	0.44936	1	1	0	1
sub-127	1	0	0.38822	1	1	0	1
sub-127	1	0	0.49406	1	1	0	1
sub-127	9	1	0.42677	1	1	1	1
sub-127	9	1	0.46625	1	1	1	1
sub-127	7	0	0.45668	1	1	1	1
sub-127	4	0	0.46265	1	1	1	1
sub-127	7	0	0.43498	1	1	1	1
sub-127	6	0	0.47441	1	1	1	1
sub-127	8	1	0.56374	1	1	1	1
sub-127	10	1	0.38719	1	1	1	1
sub-127	1	0	0.44395	1	1	0	1
sub-127	1	0	0.25111	1	1	0	1
sub-127	5	0	0.52466	1	1	0	1
sub-127	3	0	0.43075	1	1	0	1
sub-127	1	0	0.40304	1	1	0	1
sub-127	3	0	0.42584	1	1	0	1
sub-127	1	0	0.58194	1	1	0	1
sub-127	7	0	0.70447	1	1	0	1
sub-127	4	0	0.42766	1	1	0	2
sub-127	2	0	0.50141	1	1	0	2
sub-127	4	0	0.55822	1	1	0	2
sub-127	7	0	0.58097	1	1	0	2
sub-127	3	0	0.53789	1	1	0	2
sub-127	5	0	0.54379	1	1	0	2
sub-127	2	0	0.53313	1	1	0	2
sub-127	1	0	0.4583	1	1	0	2
sub-127	8	1	0.55726	1	1	1	2
sub-127	10	1	0.49631	1	1	1	2
sub-127	9	1	0.52024	1	1	1	2
sub-127	9	1	0.45966	1	1	1	2
sub-127	10	1	0.53243	1	1	1	2
sub-127	4	0	0.35573	1	1	1	2
sub-127	7	0	0.41158	1	1	1	2
sub-127	5	0	0.4507	1	1	1	2
sub-127	7	0	0.42309	1	1	1	2
sub-127	9	1	0.54812	1	1	1	2
sub-127	5	0	0.38847	1	1	1	2
sub-127	7	0	0.44435	1	1	1	2
sub-127	8	1	0.45011	1	1	1	2
sub-127	9	1	0.53965	1	1	1	2
sub-127	10	1	0.31205	1	1	1	2
sub-127	2	0	0.01718	1	1	1	2
sub-128	7	0	1.63578	1	1	1	1
sub-128	6	0	0.70844	1	1	1	1
sub-128	8	0	0.26432	1	1	1	1
sub-128	10	1	0.01956	1	1	1	1
sub-128	10	1	0.10914	1	1	1	1
sub-128	7	0	0.16595	1	1	1	1
sub-128	2	0	0.27204	1	1	1	1
sub-128	7	0	0.0612999999999999	1	1	1	1
sub-128	6	0	0.0329900000000001	1	1	0	1
sub-128	4	0	0.0226900000000001	1	1	0	1
sub-128	2	0	0.0300400000000001	1	1	0	1
sub-128	2	0	0.01929	1	1	0	1
sub-128	2	0	0.02528	1	1	0	1
sub-128	4	0	0.0311999999999999	1	1	0	1
sub-128	3	0	0.02145	1	1	0	1
sub-128	7	0	0.0280400000000001	1	1	0	1
sub-128	5	0	0.12929	1	1	0	1
sub-128	4	0	0.0184	1	1	0	1
sub-128	3	0	0.02528	1	1	0	1
sub-128	9	0	0.0313699999999999	1	1	0	1
sub-128	3	0	0.0215399999999999	1	1	0	1
sub-128	4	0	0.0190600000000001	1	1	0	1
sub-128	4	0	0.0251399999999999	1	1	0	1
sub-128	3	0	0.0311600000000001	1	1	0	1
sub-128	8	0	0.02227	1	1	1	2
sub-128	9	0	0.41244	1	1	1	2
sub-128	9	0	0.01922	1	1	1	2
sub-128	9	0	0.0248699999999999	1	1	1	2
sub-128	10	1	0.0305500000000001	1	1	1	2
sub-128	6	0	0.0197700000000001	1	1	1	2
sub-128	8	0	0.02562	1	1	1	2
sub-128	1	0	0.03146	1	1	1	2
sub-128	9	0	0.08656	1	1	0	2
sub-128	4	0	0.0441199999999999	1	1	0	2
sub-128	1	0	0.55053	1	1	0	2
sub-128	3	0	0.02223	1	1	0	2
sub-128	6	0	0.02816	1	1	0	2
sub-128	4	0	0.01752	1	1	0	2
sub-128	1	0	0.0245599999999999	1	1	0	2
sub-128	4	0	0.0303	1	1	0	2
sub-128	7	0	0.0223100000000001	1	1	1	2
sub-128	9	0	0.1452	1	1	1	2
sub-128	2	0	0.0192699999999999	1	1	1	2
sub-128	5	0	0.02407	1	1	1	2
sub-128	9	0	0.14707	1	1	1	2
sub-128	9	0	1.65461	1	1	1	2
sub-128	10	1	0.0252600000000001	1	1	1	2
sub-128	10	1	0.0314000000000001	1	1	1	2
sub-129	10	1	0.0273000000000001	1	1	1	1
sub-129	10	1	0.0171300000000001	1	1	1	1
sub-129	10	1	0.0252399999999999	1	1	1	1
sub-129	2	0	0.16491	1	1	1	1
sub-129	10	1	0.0205200000000001	1	1	1	1
sub-129	8	1	0.02667	1	1	1	1
sub-129	6	1	0.0326200000000001	1	1	1	1
sub-129	8	1	0.0225900000000001	1	1	1	1
sub-129	4	1	0.32391	1	1	0	1
sub-129	3	0	0.0307900000000001	1	1	0	1
sub-129	3	0	0.17131	1	1	0	1
sub-129	2	0	0.0270300000000001	1	1	0	1
sub-129	8	1	0.0328900000000001	1	1	0	1
sub-129	1	0	0.02318	1	1	0	1
sub-129	4	0	0.0290299999999999	1	1	0	1
sub-129	5	1	0.0352600000000001	1	1	0	1
sub-129	3	0	0.45669	1	1	0	1
sub-129	3	0	0.02901	1	1	0	1
sub-129	8	1	0.0194700000000001	1	1	0	1
sub-129	1	0	0.02518	1	1	0	1
sub-129	3	0	0.03101	1	1	0	1
sub-129	2	0	0.0213699999999999	1	1	0	1
sub-129	3	0	0.02742	1	1	0	1
sub-129	6	1	0.03339	1	1	0	1
sub-129	8	1	0.0191699999999999	1	1	1	2
sub-129	8	1	0.0262199999999999	1	1	1	2
sub-129	1	0	0.0322100000000001	1	1	1	2
sub-129	9	1	0.02275	1	1	1	2
sub-129	9	1	0.0285299999999999	1	1	1	2
sub-129	9	1	0.0181899999999999	1	1	1	2
sub-129	6	1	0.0236000000000001	1	1	1	2
sub-129	7	1	0.02976	1	1	1	2
sub-129	5	1	0.01762	1	1	0	2
sub-129	4	0	0.0267900000000001	1	1	0	2
sub-129	2	0	0.03281	1	1	0	2
sub-129	3	0	0.0232300000000001	1	1	0	2
sub-129	3	0	0.0290900000000001	1	1	0	2
sub-129	1	0	0.0183800000000001	1	1	0	2
sub-129	2	0	0.0243100000000001	1	1	0	2
sub-129	8	1	0.0303899999999999	1	1	0	2
sub-129	10	1	0.09914	1	1	1	2
sub-129	9	1	0.0224899999999999	1	1	1	2
sub-129	7	1	0.02847	1	1	1	2
sub-129	10	1	0.0177799999999999	1	1	1	2
sub-129	10	1	0.02298	1	1	1	2
sub-129	9	1	0.0305500000000001	1	1	1	2
sub-129	3	0	0.01928	1	1	1	2
sub-129	6	1	0.0257799999999999	1	1	1	2
sub-131	4	1	1.6786	1	1	0	1
sub-131	2	1	0.80195	1	1	0	1
sub-131	7	1	0.72714	1	1	0	1
sub-131	4	1	0.46554	1	1	0	1
sub-131	5	1	1.04121	1	1	0	1
sub-131	4	1	0.74186	1	1	0	1
sub-131	2	0	0.96902	1	1	0	1
sub-131	3	1	1.55746	1	1	0	1
sub-131	4	1	1.8026	1	1	1	1
sub-131	5	1	0.44223	1	1	1	1
sub-131	7	1	1.33504	1	1	1	1
sub-131	9	1	0.7911	1	1	1	1
sub-131	7	1	0.22913	1	1	1	1
sub-131	9	1	0.66981	1	1	1	1
sub-131	10	1	0.47061	1	1	1	1
sub-131	9	1	0.34759	1	1	1	1
sub-131	1	0	0.87157	1	1	0	1
sub-131	4	0	0.82914	1	1	0	1
sub-131	10	1	0.0496000000000001	1	1	0	1
sub-131	3	1	1.02515	1	1	0	1
sub-131	1	0	0.61479	1	1	0	1
sub-131	2	0	0.97088	1	1	0	1
sub-131	3	0	0.69088	1	1	0	1
sub-131	7	1	0.50008	1	1	1	2
sub-131	8	1	0.02352	1	1	1	2
sub-131	9	1	0.0304199999999999	1	1	1	2
sub-131	8	1	0.01997	1	1	1	2
sub-131	2	1	0.0270699999999999	1	1	1	2
sub-131	7	1	0.0178700000000001	1	1	1	2
sub-131	5	1	0.72636	1	1	1	2
sub-131	8	1	0.81495	1	1	1	2
sub-131	1	1	1.01469	1	1	0	2
sub-131	2	1	0.11963	1	1	0	2
sub-131	1	1	0.02241	1	1	0	2
sub-131	3	1	0.0297099999999999	1	1	0	2
sub-131	3	1	0.01847	1	1	0	2
sub-131	2	1	0.02528	1	1	0	2
sub-131	5	1	0.0317700000000001	1	1	0	2
sub-131	7	1	0.01892	1	1	0	2
sub-131	9	1	0.41701	1	1	1	2
sub-131	8	1	0.18957	1	1	1	2
sub-131	8	1	0.02613	1	1	1	2
sub-131	1	1	0.24809	1	1	1	2
sub-131	10	1	0.12205	1	1	1	2
sub-131	5	1	0.0263899999999999	1	1	1	2
sub-131	10	1	0.25021	1	1	1	2
sub-131	9	1	0.02403	1	1	1	2
sub-134	3	1	0.27983	1	1	0	1
sub-134	8	1	0.02077	1	1	0	1
sub-134	4	1	1.06113	1	1	0	1
sub-134	2	1	0.08291	1	1	0	1
sub-134	6	1	0.022	1	1	0	1
sub-134	3	1	0.09493	1	1	0	1
sub-134	1	0	0.11828	1	1	0	1
sub-134	2	1	1.2922	1	1	1	1
sub-134	10	1	0.03003	1	1	1	1
sub-134	9	1	0.02125	1	1	1	1
sub-134	5	1	0.2111	1	1	1	1
sub-134	10	1	0.03331	1	1	1	1
sub-134	10	1	0.02335	1	1	1	1
sub-134	7	1	0.02928	1	1	1	1
sub-134	9	1	0.01858	1	1	1	1
sub-134	2	1	1.11706	1	1	0	1
sub-134	3	1	0.0221	1	1	0	1
sub-134	7	1	0.02901	1	1	0	1
sub-134	1	0	0.25215	1	1	0	1
sub-134	2	1	0.0250600000000001	1	1	0	1
sub-134	2	1	0.0312399999999999	1	1	0	1
sub-134	6	1	0.02159	1	1	0	1
sub-134	3	1	0.81162	1	1	0	1
sub-134	2	1	0.13454	1	1	0	2
sub-134	8	1	0.0239499999999999	1	1	0	2
sub-134	2	1	0.14694	1	1	0	2
sub-134	4	1	0.0189699999999999	1	1	0	2
sub-134	5	1	0.07491	1	1	0	2
sub-134	4	1	0.03068	1	1	0	2
sub-134	2	1	0.0212000000000001	1	1	0	2
sub-134	4	1	0.0274000000000001	1	1	0	2
sub-134	7	1	0.1581	1	1	1	2
sub-134	10	1	0.01936	1	1	1	2
sub-134	9	1	0.0250600000000001	1	1	1	2
sub-134	5	1	0.02935	1	1	1	2
sub-134	7	1	0.0190300000000001	1	1	1	2
sub-134	8	1	0.02447	1	1	1	2
sub-134	7	1	0.03125	1	1	1	2
sub-134	9	1	0.02254	1	1	1	2
sub-134	8	1	0.11181	1	1	1	2
sub-134	7	1	0.0185200000000001	1	1	1	2
sub-134	1	0	0.0244200000000001	1	1	1	2
sub-134	5	1	0.03033	1	1	1	2
sub-134	8	1	0.0196499999999999	1	1	1	2
sub-134	10	1	1.39353	1	1	1	2
sub-135	5	0	0.27384	1	1	1	1
sub-135	9	0	0.44761	1	1	1	1
sub-135	1	0	0.43683	1	1	1	1
sub-135	10	1	0.0258100000000001	1	1	1	1
sub-135	10	1	0.0314700000000001	1	1	1	1
sub-135	9	0	0.07239	1	1	1	1
sub-135	7	0	0.02783	1	1	1	1
sub-135	7	0	0.01709	1	1	1	1
sub-135	7	0	0.70682	1	1	0	1
sub-135	2	0	0.42927	1	1	0	1
sub-135	3	0	0.97578	1	1	0	1
sub-135	6	0	0.32229	1	1	0	1
sub-135	4	0	0.02773	1	1	0	1
sub-135	1	0	0.89159	1	1	0	1
sub-135	1	0	0.21483	1	1	0	1
sub-135	3	0	0.0214099999999999	1	1	0	1
sub-135	5	0	0.0275300000000001	1	1	0	1
sub-135	9	0	0.03318	1	1	0	1
sub-135	4	0	0.0234700000000001	1	1	0	1
sub-135	3	0	0.02928	1	1	0	1
sub-135	3	0	0.01884	1	1	0	1
sub-135	2	0	0.31699	1	1	0	2
sub-135	4	0	0.0218799999999999	1	1	0	2
sub-135	4	0	0.0289200000000001	1	1	0	2
sub-135	4	0	0.0186299999999999	1	1	0	2
sub-135	2	0	0.0241100000000001	1	1	0	2
sub-135	7	0	0.0300199999999999	1	1	0	2
sub-135	1	0	0.0192300000000001	1	1	0	2
sub-135	5	0	0.02512	1	1	0	2
sub-135	5	0	0.073	1	1	1	2
sub-135	1	0	0.02843	1	1	1	2
sub-135	9	0	0.26822	1	1	1	2
sub-135	7	0	1.08483	1	1	1	2
sub-135	8	0	0.0227999999999999	1	1	1	2
sub-135	10	1	0.57955	1	1	1	2
sub-135	10	1	0.01921	1	1	1	2
sub-135	10	1	0.02495	1	1	1	2
sub-135	9	0	0.14583	1	1	1	2
sub-135	3	0	0.0178199999999999	1	1	1	2
sub-135	7	0	0.07639	1	1	1	2
sub-135	8	0	1.4835	1	1	1	2
sub-135	7	0	0.02139	1	1	1	2
sub-135	8	0	0.02721	1	1	1	2
sub-135	5	0	0.0330600000000001	1	1	1	2
sub-135	8	0	0.0569599999999999	1	1	1	2
sub-136	1	0	0.57831	1	1	0	1
sub-136	6	1	0.0290600000000001	1	1	0	1
sub-136	1	0	0.0265599999999999	1	1	0	1
sub-136	3	0	0.97789	1	1	0	1
sub-136	1	0	0.0266299999999999	1	1	0	1
sub-136	3	0	0.02471	1	1	0	1
sub-136	3	0	0.32124	1	1	0	1
sub-136	8	1	0.02403	1	1	0	1
sub-136	7	1	0.53416	1	1	1	1
sub-136	7	1	0.0310299999999999	1	1	1	1
sub-136	4	1	0.07802	1	1	1	1
sub-136	9	1	0.0283599999999999	1	1	1	1
sub-136	8	1	0.02617	1	1	1	1
sub-136	8	1	0.0589500000000001	1	1	1	1
sub-136	6	1	0.02719	1	1	1	1
sub-136	10	1	0.14724	1	1	1	1
sub-136	3	0	0.99457	1	1	0	1
sub-136	2	0	0.0291399999999999	1	1	0	1
sub-136	3	0	0.0315799999999999	1	1	0	1
sub-136	6	1	0.11087	1	1	0	1
sub-136	4	1	0.0297000000000001	1	1	0	1
sub-136	3	0	0.79509	1	1	0	1
sub-136	9	1	0.55961	1	1	0	1
sub-136	4	1	0.08975	1	1	0	1
sub-136	1	0	0.43132	1	1	0	2
sub-136	3	1	0.60644	1	1	0	2
sub-136	2	1	0.96334	1	1	0	2
sub-136	7	1	0.02833	1	1	0	2
sub-136	3	1	0.19766	1	1	0	2
sub-136	4	1	0.0257799999999999	1	1	0	2
sub-136	1	0	0.02528	1	1	0	2
sub-136	6	1	0.3256	1	1	0	2
sub-136	9	1	0.23721	1	1	1	2
sub-136	9	1	0.15421	1	1	1	2
sub-136	7	1	0.02031	1	1	1	2
sub-136	6	1	0.0186500000000001	1	1	1	2
sub-136	1	0	0.01844	1	1	1	2
sub-136	7	1	0.01847	1	1	1	2
sub-136	8	1	0.08097	1	1	1	2
sub-136	7	1	0.08026	1	1	1	2
sub-136	5	1	0.12544	1	1	1	2
sub-136	7	1	0.0251999999999999	1	1	1	2
sub-136	10	1	0.02976	1	1	1	2
sub-136	7	1	0.0172600000000001	1	1	1	2
sub-136	3	1	0.0220100000000001	1	1	1	2
sub-136	9	1	0.0205900000000001	1	1	1	2
sub-136	9	1	0.0185	1	1	1	2
sub-136	8	1	0.33502	1	1	1	2
sub-137	1	0	1.89046	1	1	1	1
sub-137	9	1	0.96393	1	1	1	1
sub-137	7	1	1.67102	1	1	1	1
sub-137	6	1	0.89967	1	1	1	1
sub-137	9	1	0.17153	1	1	1	1
sub-137	7	0	0.97936	1	1	1	1
sub-137	8	1	0.0175700000000001	1	1	1	1
sub-137	4	0	0.89478	1	1	0	1
sub-137	2	0	0.0175099999999999	1	1	0	1
sub-137	6	1	1.32559	1	1	0	1
sub-137	2	0	0.0303500000000001	1	1	0	1
sub-137	4	0	0.0198	1	1	0	1
sub-137	4	0	0.0254700000000001	1	1	0	1
sub-137	8	1	0.19857	1	1	0	1
sub-137	4	0	0.0206	1	1	0	1
sub-137	10	1	0.52815	1	1	1	1
sub-137	6	1	1.98595	1	1	1	1
sub-137	7	1	0.3918	1	1	1	1
sub-137	8	1	0.44889	1	1	1	1
sub-137	3	0	0.0206999999999999	1	1	1	1
sub-137	10	1	0.0266999999999999	1	1	1	1
sub-137	7	1	0.11631	1	1	1	1
sub-137	9	1	0.02207	1	1	1	1
sub-137	10	1	0.40105	1	1	0	2
sub-137	3	0	0.02423	1	1	0	2
sub-137	4	0	0.0299400000000001	1	1	0	2
sub-137	2	0	0.0529599999999999	1	1	0	2
sub-137	1	0	0.29225	1	1	0	2
sub-137	2	0	0.03105	1	1	0	2
sub-137	3	0	0.02827	1	1	0	2
sub-137	5	1	1.95644	1	1	1	2
sub-137	8	1	0.47854	1	1	1	2
sub-137	7	1	0.40101	1	1	1	2
sub-137	7	1	0.35696	1	1	1	2
sub-137	8	1	0.02901	1	1	1	2
sub-137	3	0	0.01837	1	1	1	2
sub-137	7	1	0.02424	1	1	1	2
sub-137	9	1	0.0302199999999999	1	1	1	2
sub-137	1	0	0.95438	1	1	0	2
sub-137	6	0	1.67836	1	1	0	2
sub-137	2	0	0.0840099999999999	1	1	0	2
sub-137	1	0	0.0403899999999999	1	1	0	2
sub-137	9	1	0.02895	1	1	0	2
sub-137	3	0	0.0183500000000001	1	1	0	2
sub-137	4	0	0.0240499999999999	1	1	0	2
sub-137	2	0	0.02997	1	1	0	2
sub-138	10	1	0.01905	1	1	1	1
sub-138	9	1	0.0259199999999999	1	1	1	1
sub-138	10	1	0.18227	1	1	1	1
sub-138	2	0	0.82212	1	1	1	1
sub-138	9	1	1.99569	1	1	1	1
sub-138	9	1	1.63441	1	1	1	1
sub-138	10	1	0.0891900000000001	1	1	1	1
sub-138	5	0	0.12843	1	1	1	1
sub-138	10	1	0.18411	1	1	1	1
sub-138	9	1	1.00859	1	1	1	1
sub-138	10	1	0.03007	1	1	1	1
sub-138	2	0	0.87047	1	1	1	1
sub-138	7	1	0.87624	1	1	1	1
sub-138	5	1	1.01765	1	1	1	1
sub-138	9	1	0.20661	1	1	1	1
sub-138	10	1	0.0296000000000001	1	1	1	1
sub-138	4	0	1.41342	1	1	0	1
sub-138	4	1	0.63516	1	1	0	1
sub-138	2	1	1.4423	1	1	0	1
sub-138	2	1	0.78053	1	1	0	1
sub-138	2	0	0.06951	1	1	0	1
sub-138	1	0	0.0248699999999999	1	1	0	1
sub-138	4	1	0.67994	1	1	0	2
sub-138	3	1	0.0857000000000001	1	1	0	2
sub-138	4	1	0.05847	1	1	0	2
sub-138	1	1	1.89945	1	1	0	2
sub-138	8	1	0.63769	1	1	0	2
sub-138	2	0	1.49422	1	1	0	2
sub-138	4	1	0.26654	1	1	0	2
sub-138	6	1	0.0224200000000001	1	1	0	2
sub-138	1	1	1.42997	1	1	0	2
sub-138	7	1	0.0186299999999999	1	1	0	2
sub-138	6	1	0.0247900000000001	1	1	0	2
sub-138	1	0	1.63216	1	1	0	2
sub-138	3	0	0.85322	1	1	0	2
sub-138	2	1	0.0325500000000001	1	1	0	2
sub-138	4	1	0.40667	1	1	0	2
sub-138	5	1	0.62731	1	1	1	2
sub-138	8	1	0.0169999999999999	1	1	1	2
sub-138	9	1	0.25765	1	1	1	2
sub-138	7	0	1.71471	1	1	1	2
sub-138	10	1	0.0189900000000001	1	1	1	2
sub-138	9	1	0.24215	1	1	1	2
sub-138	7	1	0.0980000000000001	1	1	1	2
sub-140	1	1	0.49434	1	1	0	1
sub-140	4	1	0.03288	1	1	0	1
sub-140	2	0	0.55863	1	1	0	1
sub-140	2	1	0.03054	1	1	0	1
sub-140	5	1	0.121	1	1	0	1
sub-140	2	0	1.84506	1	1	0	1
sub-140	1	0	0.53419	1	1	0	1
sub-140	9	1	0.02278	1	1	0	1
sub-140	9	1	1.32163	1	1	1	1
sub-140	5	1	0.47682	1	1	1	1
sub-140	9	1	0.0491299999999999	1	1	1	1
sub-140	9	1	0.03949	1	1	1	1
sub-140	4	0	0.22868	1	1	1	1
sub-140	10	1	0.30145	1	1	1	1
sub-140	7	1	0.15759	1	1	1	1
sub-140	8	1	0.21426	1	1	1	1
sub-140	10	1	0.30946	1	1	1	1
sub-140	10	1	0.03285	1	1	1	1
sub-140	2	0	0.55703	1	1	1	1
sub-140	9	1	0.02911	1	1	1	1
sub-140	9	1	0.0177	1	1	1	1
sub-140	6	1	0.14213	1	1	1	1
sub-140	7	1	0.03243	1	1	1	1
sub-140	10	1	0.0228999999999999	1	1	1	1
sub-140	4	1	1.11816	1	1	0	2
sub-140	5	1	0.18946	1	1	0	2
sub-140	3	0	1.26538	1	1	0	2
sub-140	10	1	0.40503	1	1	0	2
sub-140	4	1	0.22763	1	1	0	2
sub-140	3	1	0.46683	1	1	0	2
sub-140	1	0	0.47306	1	1	0	2
sub-140	4	1	0.24527	1	1	0	2
sub-140	1	1	1.07377	1	1	0	2
sub-140	3	1	0.0300100000000001	1	1	0	2
sub-140	2	0	0.20307	1	1	0	2
sub-140	2	0	1.60993	1	1	0	2
sub-140	4	1	0.34007	1	1	0	2
sub-140	2	1	0.59641	1	1	0	2
sub-140	8	1	0.0182	1	1	0	2
sub-140	6	1	0.15784	1	1	0	2
sub-140	6	1	0.96896	1	1	1	2
sub-140	8	1	0.20862	1	1	1	2
sub-140	1	0	0.29927	1	1	1	2
sub-140	9	1	0.15608	1	1	1	2
sub-140	8	1	0.02936	1	1	1	2
sub-140	8	1	0.38602	1	1	1	2
sub-140	8	1	0.0171300000000001	1	1	1	2
sub-140	7	1	0.02427	1	1	1	2
sub-143	1	1	1.91089	1	1	0	1
sub-143	1	0	0.67138	1	1	0	1
sub-143	1	0	1.38433	1	1	0	1
sub-143	10	1	0.27972	1	1	0	1
sub-143	1	1	0.65961	1	1	0	1
sub-143	3	1	0.10547	1	1	0	1
sub-143	1	1	0.75218	1	1	0	1
sub-143	5	1	0.0312600000000001	1	1	0	1
sub-143	7	1	0.0786800000000001	1	1	1	1
sub-143	2	0	1.09097	1	1	1	1
sub-143	8	1	0.02003	1	1	1	1
sub-143	9	1	0.0328999999999999	1	1	1	1
sub-143	5	1	0.02766	1	1	1	1
sub-143	7	1	0.0224800000000001	1	1	1	1
sub-143	9	1	0.01844	1	1	1	1
sub-143	7	1	0.03243	1	1	1	1
sub-143	3	1	0.66147	1	1	0	1
sub-143	4	1	0.0224500000000001	1	1	0	1
sub-143	8	1	0.0174799999999999	1	1	0	1
sub-143	2	1	0.36443	1	1	0	1
sub-143	5	1	0.0261899999999999	1	1	0	1
sub-143	1	0	0.02247	1	1	0	1
sub-143	3	1	0.01928	1	1	0	1
sub-143	3	1	0.16596	1	1	0	1
sub-143	10	1	0.0196000000000001	1	1	1	2
sub-143	8	1	0.0324599999999999	1	1	1	2
sub-143	8	1	0.0272600000000001	1	1	1	2
sub-143	3	1	0.10746	1	1	1	2
sub-143	9	1	0.0203500000000001	1	1	1	2
sub-143	8	1	0.0326599999999999	1	1	1	2
sub-143	5	1	0.0291300000000001	1	1	1	2
sub-143	9	1	0.0253099999999999	1	1	1	2
sub-143	5	1	0.04088	1	1	1	2
sub-143	9	1	0.0197499999999999	1	1	1	2
sub-143	9	1	0.0321199999999999	1	1	1	2
sub-143	9	1	0.0292600000000001	1	1	1	2
sub-143	3	1	0.0258100000000001	1	1	1	2
sub-143	7	1	0.02122	1	1	1	2
sub-143	7	1	0.0173000000000001	1	1	1	2
sub-143	10	1	0.0298	1	1	1	2
sub-143	4	1	0.03494	1	1	0	2
sub-143	3	1	0.29866	1	1	0	2
sub-143	4	1	0.02657	1	1	0	2
sub-143	4	1	0.02271	1	1	0	2
sub-143	4	1	0.01769	1	1	0	2
sub-143	10	1	0.03061	1	1	0	2
sub-143	5	1	0.02674	1	1	0	2
sub-143	2	1	0.68972	1	1	0	2
sub-144	1	1	1.91089	1	1	0	1
sub-144	1	0	0.67138	1	1	0	1
sub-144	1	0	1.38433	1	1	0	1
sub-144	10	1	0.27972	1	1	0	1
sub-144	1	1	0.65961	1	1	0	1
sub-144	3	1	0.10547	1	1	0	1
sub-144	1	1	0.75218	1	1	0	1
sub-144	5	1	0.0312600000000001	1	1	0	1
sub-144	7	1	0.0786800000000001	1	1	1	1
sub-144	2	0	1.09097	1	1	1	1
sub-144	8	1	0.02003	1	1	1	1
sub-144	9	1	0.0328999999999999	1	1	1	1
sub-144	5	1	0.02766	1	1	1	1
sub-144	7	1	0.0224800000000001	1	1	1	1
sub-144	9	1	0.01844	1	1	1	1
sub-144	7	1	0.03243	1	1	1	1
sub-144	3	1	0.66147	1	1	0	1
sub-144	4	1	0.0224500000000001	1	1	0	1
sub-144	8	1	0.0174799999999999	1	1	0	1
sub-144	2	1	0.36443	1	1	0	1
sub-144	5	1	0.0261899999999999	1	1	0	1
sub-144	1	0	0.02247	1	1	0	1
sub-144	3	1	0.01928	1	1	0	1
sub-144	3	1	0.16596	1	1	0	1
sub-144	10	1	0.0196000000000001	1	1	1	2
sub-144	8	1	0.0324599999999999	1	1	1	2
sub-144	8	1	0.0272600000000001	1	1	1	2
sub-144	3	1	0.10746	1	1	1	2
sub-144	9	1	0.0203500000000001	1	1	1	2
sub-144	8	1	0.0326599999999999	1	1	1	2
sub-144	5	1	0.0291300000000001	1	1	1	2
sub-144	9	1	0.0253099999999999	1	1	1	2
sub-144	5	1	0.04088	1	1	1	2
sub-144	9	1	0.0197499999999999	1	1	1	2
sub-144	9	1	0.0321199999999999	1	1	1	2
sub-144	9	1	0.0292600000000001	1	1	1	2
sub-144	3	1	0.0258100000000001	1	1	1	2
sub-144	7	1	0.02122	1	1	1	2
sub-144	7	1	0.0173000000000001	1	1	1	2
sub-144	10	1	0.0298	1	1	1	2
sub-144	4	1	0.03494	1	1	0	2
sub-144	3	1	0.29866	1	1	0	2
sub-144	4	1	0.02657	1	1	0	2
sub-144	4	1	0.02271	1	1	0	2
sub-144	4	1	0.01769	1	1	0	2
sub-144	10	1	0.03061	1	1	0	2
sub-144	5	1	0.02674	1	1	0	2
sub-144	2	1	0.68972	1	1	0	2
sub-145	4	0	1.94583	1	1	0	1
sub-145	1	0	0.68532	1	1	0	1
sub-145	5	0	1.6765	1	1	0	1
sub-145	2	0	0.51458	1	1	0	1
sub-145	3	0	0.55421	1	1	0	1
sub-145	4	0	0.57648	1	1	0	1
sub-145	2	0	0.49901	1	1	0	1
sub-145	10	1	0.75544	1	1	0	1
sub-145	10	1	0.53233	1	1	1	1
sub-145	8	1	0.50718	1	1	1	1
sub-145	7	1	0.4797	1	1	1	1
sub-145	2	0	0.50311	1	1	1	1
sub-145	10	1	0.49154	1	1	1	1
sub-145	9	1	0.49736	1	1	1	1
sub-145	5	0	0.5369	1	1	1	1
sub-145	9	1	0.50857	1	1	1	1
sub-145	10	1	0.14519	1	1	1	1
sub-145	7	1	0.51807	1	1	1	1
sub-145	1	0	0.45733	1	1	1	1
sub-145	10	1	0.47991	1	1	1	1
sub-145	5	0	0.46905	1	1	1	1
sub-145	7	1	0.42552	1	1	1	1
sub-145	8	1	0.44855	1	1	1	1
sub-145	2	0	0.12165	1	1	0	2
sub-145	1	0	0.0281499999999999	1	1	0	2
sub-145	6	0	1.23654	1	1	0	2
sub-145	1	0	0.0257400000000001	1	1	0	2
sub-145	4	0	0.03149	1	1	0	2
sub-145	2	0	0.05565	1	1	0	2
sub-145	7	1	0.46346	1	1	0	2
sub-145	2	0	0.33441	1	1	0	2
sub-145	10	1	1.40204	1	1	1	2
sub-145	10	1	0.45703	1	1	1	2
sub-145	6	0	0.41512	1	1	1	2
sub-145	9	1	0.32001	1	1	1	2
sub-145	7	1	0.42616	1	1	1	2
sub-145	7	1	0.0641	1	1	1	2
sub-145	9	1	0.25564	1	1	1	2
sub-145	3	0	0.02738	1	1	1	2
sub-145	2	0	1.111	1	1	0	2
sub-145	2	0	0.0170600000000001	1	1	0	2
sub-145	2	0	0.0238	1	1	0	2
sub-145	2	0	0.13041	1	1	0	2
sub-145	1	0	0.11932	1	1	0	2
sub-145	8	1	0.22544	1	1	0	2
sub-145	6	0	0.46486	1	1	0	2
sub-145	4	0	1.33806	1	1	0	2
sub-147	4	1	1.22565	1	1	1	1
sub-147	9	1	0.74917	1	1	1	1
sub-147	8	1	0.42394	1	1	1	1
sub-147	10	1	0.44738	1	1	1	1
sub-147	10	1	0.37	1	1	1	1
sub-147	10	1	0.60939	1	1	1	1
sub-147	6	1	0.41637	1	1	1	1
sub-147	8	1	0.83926	1	1	1	1
sub-147	9	1	0.48634	1	1	0	1
sub-147	2	1	1.144	1	1	0	1
sub-147	3	1	0.94982	1	1	0	1
sub-147	4	1	0.38833	1	1	0	1
sub-147	6	1	0.41111	1	1	0	1
sub-147	2	0	1.91781	1	1	0	1
sub-147	4	1	0.23953	1	1	0	1
sub-147	3	1	0.71226	1	1	0	1
sub-147	4	1	0.68197	1	1	0	1
sub-147	2	0	1.74006	1	1	0	1
sub-147	5	1	0.11206	1	1	0	1
sub-147	4	1	0.08365	1	1	0	1
sub-147	2	0	0.25654	1	1	0	1
sub-147	2	0	0.92961	1	1	0	1
sub-147	2	0	0.46846	1	1	0	1
sub-147	10	1	0.35861	1	1	0	1
sub-147	10	0	0.8853	1	1	1	2
sub-147	10	1	0.27427	1	1	1	2
sub-147	6	1	0.13116	1	1	1	2
sub-147	10	1	0.60424	1	1	1	2
sub-147	8	1	0.12604	1	1	1	2
sub-147	10	1	0.78402	1	1	1	2
sub-147	4	1	0.57278	1	1	1	2
sub-147	8	1	0.34509	1	1	1	2
sub-147	4	1	0.30016	1	1	0	2
sub-147	7	1	0.05698	1	1	0	2
sub-147	3	1	1.04711	1	1	0	2
sub-147	1	0	0.70396	1	1	0	2
sub-147	3	1	0.51055	1	1	0	2
sub-147	2	0	0.31648	1	1	0	2
sub-147	5	1	0.05538	1	1	0	2
sub-147	2	0	0.02725	1	1	0	2
sub-147	8	1	0.30537	1	1	1	2
sub-147	10	1	0.02762	1	1	1	2
sub-147	9	1	0.10089	1	1	1	2
sub-147	5	1	0.30731	1	1	1	2
sub-147	8	1	0.12974	1	1	1	2
sub-147	9	1	0.01884	1	1	1	2
sub-147	7	1	0.0246599999999999	1	1	1	2
sub-147	1	0	0.3143	1	1	1	2
sub-150	4	1	0.62749	1	1	0	1
sub-150	1	0	0.36765	1	1	0	1
sub-150	2	0	1.29227	1	1	0	1
sub-150	7	1	0.48098	1	1	0	1
sub-150	4	1	0.6536	1	1	0	1
sub-150	4	1	0.52627	1	1	0	1
sub-150	5	1	0.36524	1	1	0	1
sub-150	3	0	0.38766	1	1	0	1
sub-150	8	1	0.41669	1	1	1	1
sub-150	10	1	0.88953	1	1	1	1
sub-150	6	0	0.39764	1	1	1	1
sub-150	7	1	0.45378	1	1	1	1
sub-150	2	1	0.47727	1	1	1	1
sub-150	9	1	0.43271	1	1	1	1
sub-150	8	1	1.42315	1	1	1	1
sub-150	9	1	0.46263	1	1	1	1
sub-150	7	1	0.33914	1	1	1	1
sub-150	1	0	0.39624	1	1	1	1
sub-150	9	1	0.46917	1	1	1	1
sub-150	9	1	0.52597	1	1	1	1
sub-150	6	1	0.43183	1	1	1	1
sub-150	7	1	0.45451	1	1	1	1
sub-150	10	1	0.61189	1	1	1	1
sub-150	3	1	2.0157	1	1	0	2
sub-150	8	1	0.42142	1	1	0	2
sub-150	3	1	1.16338	1	1	0	2
sub-150	3	1	0.68577	1	1	0	2
sub-150	3	1	0.4581	1	1	0	2
sub-150	3	1	0.38114	1	1	0	2
sub-150	1	0	0.42016	1	1	0	2
sub-150	5	1	0.55927	1	1	0	2
sub-150	7	1	0.49827	1	1	1	2
sub-150	9	1	0.50544	1	1	1	2
sub-150	8	1	0.37908	1	1	1	2
sub-150	9	1	0.3517	1	1	1	2
sub-150	6	1	0.35732	1	1	1	2
sub-150	1	1	0.41332	1	1	1	2
sub-150	8	1	0.5863	1	1	1	2
sub-150	10	1	0.44219	1	1	1	2
sub-150	4	1	0.38889	1	1	0	2
sub-150	9	1	0.31196	1	1	0	2
sub-150	3	1	0.33578	1	1	0	2
sub-150	2	0	0.4247	1	1	0	2
sub-150	4	1	0.43179	1	1	0	2
sub-150	2	1	0.0205299999999999	1	1	0	2
sub-150	4	1	0.7274	1	1	0	2
sub-150	6	1	0.81643	1	1	0	2
sub-151	10	1	0.18308	1	1	1	1
sub-151	6	1	0.29043	1	1	1	1
sub-151	7	1	0.0288999999999999	1	1	1	1
sub-151	8	1	0.02867	1	1	1	1
sub-151	10	1	0.0184200000000001	1	1	1	1
sub-151	8	1	0.0241499999999999	1	1	1	1
sub-151	3	0	0.0301499999999999	1	1	1	1
sub-151	9	1	0.11961	1	1	1	1
sub-151	10	1	0.18693	1	1	0	1
sub-151	3	0	0.0285599999999999	1	1	0	1
sub-151	3	0	0.018	1	1	0	1
sub-151	4	0	0.02488	1	1	0	1
sub-151	2	0	0.0308900000000001	1	1	0	1
sub-151	4	0	0.02136	1	1	0	1
sub-151	5	0	0.11059	1	1	0	1
sub-151	3	0	0.01718	1	1	0	1
sub-151	6	0	1.06884	1	1	1	1
sub-151	7	1	0.39035	1	1	1	1
sub-151	9	1	0.0303800000000001	1	1	1	1
sub-151	9	1	0.01997	1	1	1	1
sub-151	9	1	0.0257799999999999	1	1	1	1
sub-151	4	0	0.11543	1	1	1	1
sub-151	8	1	0.17127	1	1	1	1
sub-151	8	1	0.0269999999999999	1	1	1	1
sub-151	5	1	0.79833	1	1	0	2
sub-151	3	0	0.0220499999999999	1	1	0	2
sub-151	2	0	0.0279499999999999	1	1	0	2
sub-151	3	0	0.01712	1	1	0	2
sub-151	1	0	0.05033	1	1	0	2
sub-151	2	0	0.05931	1	1	0	2
sub-151	4	0	0.03176	1	1	0	2
sub-151	7	1	0.30586	1	1	0	2
sub-151	10	1	0.47006	1	1	0	2
sub-151	4	0	0.0266999999999999	1	1	0	2
sub-151	1	0	0.01711	1	1	0	2
sub-151	4	0	0.02399	1	1	0	2
sub-151	3	0	0.02979	1	1	0	2
sub-151	2	0	0.0193000000000001	1	1	0	2
sub-151	1	0	0.0249600000000001	1	1	0	2
sub-151	5	0	0.0647200000000001	1	1	0	2
sub-151	5	0	0.14218	1	1	1	2
sub-151	2	0	0.0320100000000001	1	1	1	2
sub-151	8	1	0.12382	1	1	1	2
sub-151	7	1	0.02956	1	1	1	2
sub-151	10	1	0.0192300000000001	1	1	1	2
sub-151	7	1	0.0246	1	1	1	2
sub-151	7	1	0.0306299999999999	1	1	1	2
sub-151	10	1	0.0207599999999999	1	1	1	2
sub-153	5	1	0.49791	1	1	0	1
sub-153	1	0	1.77187	1	1	0	1
sub-153	4	1	0.32793	1	1	0	1
sub-153	10	1	0.85228	1	1	0	1
sub-153	4	1	0.44105	1	1	0	1
sub-153	2	0	0.51369	1	1	0	1
sub-153	4	1	0.26949	1	1	0	1
sub-153	4	1	0.34182	1	1	0	1
sub-153	7	1	0.44897	1	1	1	1
sub-153	2	0	0.63949	1	1	1	1
sub-153	7	1	0.16195	1	1	1	1
sub-153	5	1	0.01742	1	1	1	1
sub-153	10	1	0.57512	1	1	1	1
sub-153	9	1	0.0805	1	1	1	1
sub-153	10	1	0.0205500000000001	1	1	1	1
sub-153	9	1	0.39374	1	1	1	1
sub-153	8	1	0.09213	1	1	1	1
sub-153	7	1	0.0318499999999999	1	1	1	1
sub-153	9	1	0.0222199999999999	1	1	1	1
sub-153	5	1	0.34534	1	1	1	1
sub-153	8	1	0.0184800000000001	1	1	1	1
sub-153	7	1	0.0243500000000001	1	1	1	1
sub-153	1	0	0.46434	1	1	1	1
sub-153	9	1	0.48701	1	1	1	1
sub-153	6	1	0.02068	1	1	0	2
sub-153	2	0	0.0262899999999999	1	1	0	2
sub-153	3	0	0.10039	1	1	0	2
sub-153	7	1	0.0228600000000001	1	1	0	2
sub-153	1	0	0.02874	1	1	0	2
sub-153	4	1	0.0180899999999999	1	1	0	2
sub-153	4	1	0.04084	1	1	0	2
sub-153	1	0	0.02966	1	1	0	2
sub-153	10	1	0.0246900000000001	1	1	1	2
sub-153	2	0	0.0318499999999999	1	1	1	2
sub-153	5	1	0.0220499999999999	1	1	1	2
sub-153	8	1	0.0283	1	1	1	2
sub-153	8	1	0.23435	1	1	1	2
sub-153	8	1	0.0244800000000001	1	1	1	2
sub-153	7	1	0.03017	1	1	1	2
sub-153	7	1	0.01946	1	1	1	2
sub-153	7	1	0.03311	1	1	0	2
sub-153	1	0	0.0244	1	1	0	2
sub-153	1	0	0.0303199999999999	1	1	0	2
sub-153	1	0	0.0197499999999999	1	1	0	2
sub-153	5	1	0.14257	1	1	0	2
sub-153	1	0	0.03243	1	1	0	2
sub-153	3	1	1.89122	1	1	0	2
sub-153	3	0	0.02962	1	1	0	2
sub-154	2	1	1.61468	1	1	0	1
sub-154	5	1	1.9879	1	1	0	1
sub-154	2	0	0.40908	1	1	0	1
sub-154	4	0	0.56518	1	1	0	1
sub-154	8	0	0.62113	1	1	0	1
sub-154	4	0	0.36008	1	1	0	1
sub-154	3	0	0.06701	1	1	0	1
sub-154	8	0	0.77673	1	1	1	1
sub-154	9	1	1.81821	1	1	1	1
sub-154	5	0	0.02227	1	1	1	1
sub-154	8	0	0.02797	1	1	1	1
sub-154	7	0	0.01729	1	1	1	1
sub-154	8	0	0.0242899999999999	1	1	1	1
sub-154	3	0	0.03057	1	1	1	1
sub-154	7	0	0.01949	1	1	1	1
sub-154	3	0	0.04545	1	1	0	1
sub-154	1	0	0.01983	1	1	0	1
sub-154	5	0	0.02569	1	1	0	1
sub-154	2	0	0.0317799999999999	1	1	0	1
sub-154	1	0	0.02189	1	1	0	1
sub-154	8	1	0.59534	1	1	0	1
sub-154	2	0	0.0182800000000001	1	1	0	1
sub-154	3	0	0.2579	1	1	0	1
sub-154	9	1	0.97862	1	1	1	2
sub-154	6	0	0.0849899999999999	1	1	1	2
sub-154	8	1	0.55808	1	1	1	2
sub-154	7	0	0.0298400000000001	1	1	1	2
sub-154	9	1	0.30303	1	1	1	2
sub-154	7	0	0.0251300000000001	1	1	1	2
sub-154	1	0	0.38184	1	1	1	2
sub-154	8	0	0.22064	1	1	1	2
sub-154	3	0	0.58338	1	1	1	2
sub-154	10	1	0.64019	1	1	1	2
sub-154	10	1	0.53062	1	1	1	2
sub-154	8	0	0.71997	1	1	1	2
sub-154	7	0	0.42727	1	1	1	2
sub-154	6	0	0.48273	1	1	1	2
sub-154	8	0	0.52199	1	1	1	2
sub-154	7	0	0.51112	1	1	1	2
sub-154	2	0	0.67724	1	1	0	2
sub-154	1	0	0.5665	1	1	0	2
sub-154	1	0	0.45588	1	1	0	2
sub-154	4	0	0.47928	1	1	0	2
sub-157	5	1	1.28331	1	1	1	1
sub-157	7	1	0.3908	1	1	1	1
sub-157	10	1	0.41599	1	1	1	1
sub-157	9	1	0.32167	1	1	1	1
sub-157	3	1	0.86156	1	1	1	1
sub-157	9	1	0.40095	1	1	1	1
sub-157	8	1	0.0251300000000001	1	1	1	1
sub-157	8	1	0.39842	1	1	1	1
sub-157	3	0	0.7659	1	1	0	1
sub-157	4	1	0.02257	1	1	0	1
sub-157	4	1	0.26267	1	1	0	1
sub-157	4	1	0.31853	1	1	0	1
sub-157	2	0	0.45779	1	1	0	1
sub-157	6	1	0.38038	1	1	0	1
sub-157	7	1	0.26987	1	1	0	1
sub-157	2	0	0.29213	1	1	0	1
sub-157	10	1	0.57154	1	1	1	1
sub-157	7	1	0.25546	1	1	1	1
sub-157	2	1	0.24457	1	1	1	1
sub-157	6	1	0.43365	1	1	1	1
sub-157	10	1	0.02298	1	1	1	1
sub-157	7	1	0.0286599999999999	1	1	1	1
sub-157	8	1	0.01817	1	1	1	1
sub-157	10	1	0.0239799999999999	1	1	1	1
sub-157	3	0	0.5073	1	1	1	2
sub-157	9	1	0.02982	1	1	1	2
sub-157	10	1	0.02094	1	1	1	2
sub-157	10	1	0.02694	1	1	1	2
sub-157	9	1	0.29994	1	1	1	2
sub-157	8	1	0.15703	1	1	1	2
sub-157	7	1	0.02982	1	1	1	2
sub-157	6	1	0.46999	1	1	1	2
sub-157	3	0	1.44781	1	1	0	2
sub-157	1	0	0.33589	1	1	0	2
sub-157	4	1	0.59329	1	1	0	2
sub-157	3	0	0.31658	1	1	0	2
sub-157	7	1	0.4394	1	1	0	2
sub-157	6	1	0.24618	1	1	0	2
sub-157	4	1	0.61917	1	1	0	2
sub-157	1	0	0.27466	1	1	0	2
sub-157	4	1	0.36551	1	1	0	2
sub-157	3	0	0.52292	1	1	0	2
sub-157	2	1	1.01227	1	1	0	2
sub-157	2	0	0.38461	1	1	0	2
sub-157	8	1	0.32358	1	1	0	2
sub-157	5	1	0.42971	1	1	0	2
sub-157	2	0	0.4259	1	1	0	2
sub-158	7	1	0.77807	1	1	1	1
sub-158	10	1	0.10152	1	1	1	1
sub-158	8	0	0.49103	1	1	1	1
sub-158	7	0	1.46456	1	1	1	1
sub-158	5	0	0.33618	1	1	1	1
sub-158	10	1	0.02474	1	1	1	1
sub-158	2	0	0.68153	1	1	1	1
sub-158	7	1	0.771	1	1	1	1
sub-158	2	0	0.25383	1	1	0	1
sub-158	2	0	0.56029	1	1	0	1
sub-158	1	0	0.0995600000000001	1	1	0	1
sub-158	4	0	0.0724	1	1	0	1
sub-158	6	0	0.54511	1	1	0	1
sub-158	2	0	0.65126	1	1	0	1
sub-158	9	1	0.8566	1	1	0	1
sub-158	2	0	0.39635	1	1	0	1
sub-158	1	0	0.86977	1	1	1	1
sub-158	5	0	0.0762799999999999	1	1	1	1
sub-158	8	1	0.48268	1	1	1	1
sub-158	9	1	0.88883	1	1	1	1
sub-158	10	1	0.34418	1	1	1	1
sub-158	8	1	0.64297	1	1	1	1
sub-158	9	1	0.38054	1	1	1	1
sub-158	8	1	0.92076	1	1	1	1
sub-158	6	0	0.21715	1	1	1	2
sub-158	4	0	0.05731	1	1	1	2
sub-158	8	1	0.665	1	1	1	2
sub-158	8	1	0.01993	1	1	1	2
sub-158	9	1	0.02603	1	1	1	2
sub-158	8	1	0.59939	1	1	1	2
sub-158	8	1	0.77213	1	1	1	2
sub-158	7	1	0.61129	1	1	1	2
sub-158	9	1	0.29452	1	1	0	2
sub-158	2	0	0.1337	1	1	0	2
sub-158	1	0	0.4577	1	1	0	2
sub-158	1	0	0.24708	1	1	0	2
sub-158	3	0	0.0188999999999999	1	1	0	2
sub-158	6	0	0.32541	1	1	0	2
sub-158	2	0	0.53179	1	1	0	2
sub-158	3	0	0.43852	1	1	0	2
sub-158	1	0	0.22035	1	1	0	2
sub-158	9	1	0.46187	1	1	0	2
sub-158	4	0	0.56886	1	1	0	2
sub-158	2	0	0.43425	1	1	0	2
sub-158	2	0	0.41834	1	1	0	2
sub-158	2	0	0.3746	1	1	0	2
sub-158	4	0	0.0299100000000001	1	1	0	2
sub-158	5	0	1.40404	1	1	0	2
sub-159	5	1	1.674	1	1	0	1
sub-159	1	0	1.23125	1	1	0	1
sub-159	8	1	0.41986	1	1	0	1
sub-159	4	0	0.31016	1	1	0	1
sub-159	2	0	0.0987199999999999	1	1	0	1
sub-159	4	0	0.27148	1	1	0	1
sub-159	3	0	1.27814	1	1	0	1
sub-159	3	0	0.29984	1	1	0	1
sub-159	6	0	0.29792	1	1	1	1
sub-159	9	1	0.27156	1	1	1	1
sub-159	7	0	0.27889	1	1	1	1
sub-159	7	0	0.20127	1	1	1	1
sub-159	3	0	0.54065	1	1	1	1
sub-159	9	1	0.37976	1	1	1	1
sub-159	8	0	0.56936	1	1	1	1
sub-159	8	0	0.10841	1	1	1	1
sub-159	3	0	0.36697	1	1	1	1
sub-159	8	0	0.15641	1	1	1	1
sub-159	7	0	0.21475	1	1	1	1
sub-159	7	0	0.0204200000000001	1	1	1	1
sub-159	6	0	0.0260100000000001	1	1	1	1
sub-159	7	0	0.2659	1	1	1	1
sub-159	10	1	0.18936	1	1	1	1
sub-159	8	0	0.21299	1	1	1	1
sub-159	9	1	0.21259	1	1	1	2
sub-159	7	1	0.4352	1	1	1	2
sub-159	10	1	0.02511	1	1	1	2
sub-159	7	1	0.0307200000000001	1	1	1	2
sub-159	9	1	0.0215700000000001	1	1	1	2
sub-159	2	0	0.02736	1	1	1	2
sub-159	9	1	0.10044	1	1	1	2
sub-159	5	0	0.08958	1	1	1	2
sub-159	2	0	0.38059	1	1	0	2
sub-159	6	0	0.0190699999999999	1	1	0	2
sub-159	1	0	0.02658	1	1	0	2
sub-159	4	0	0.33318	1	1	0	2
sub-159	1	0	0.02166	1	1	0	2
sub-159	9	1	0.09426	1	1	0	2
sub-159	4	0	0.03481	1	1	0	2
sub-159	4	0	0.0238	1	1	0	2
sub-159	3	0	0.0285	1	1	0	2
sub-159	4	1	0.01776	1	1	0	2
sub-159	6	1	0.02633	1	1	0	2
sub-159	3	0	0.13239	1	1	0	2
sub-159	4	0	0.5053	1	1	0	2
sub-159	4	0	0.41115	1	1	0	2
sub-159	4	1	0.68411	1	1	0	2
sub-159	7	1	0.25593	1	1	0	2
