subjID	offer	accept	response_time	human	ingroup	block_fair
sub-106	7	1	0.53621	1	0	1
sub-106	5	0	0.41046	1	0	1
sub-106	10	1	0.02033	1	0	1
sub-106	10	1	0.37983	1	0	1
sub-106	8	1	0.2049	1	0	1
sub-106	3	0	0.01945	1	0	1
sub-106	10	1	0.0278499999999999	1	0	1
sub-106	10	1	0.25503	1	0	1
sub-106	8	1	0.39347	1	0	1
sub-106	9	1	0.36493	1	0	1
sub-106	7	1	0.9853	1	0	1
sub-106	8	1	0.24661	1	0	1
sub-106	2	0	0.0285	1	0	1
sub-106	5	0	0.0566199999999999	1	0	1
sub-106	9	1	0.24085	1	0	1
sub-106	9	1	0.0235399999999999	1	0	1
sub-106	9	1	0.4179	1	1	1
sub-106	9	1	0.32259	1	1	1
sub-106	9	1	0.02085	1	1	1
sub-106	6	0	0.54758	1	1	1
sub-106	7	1	0.41683	1	1	1
sub-106	10	1	0.03128	1	1	1
sub-106	4	0	0.06382	1	1	1
sub-106	7	1	0.32073	1	1	1
sub-106	10	1	0.72729	1	0	1
sub-106	7	1	0.38326	1	0	1
sub-106	9	1	0.02121	1	0	1
sub-106	9	1	0.263	1	0	1
sub-106	3	0	0.23828	1	0	1
sub-106	8	0	0.0190300000000001	1	0	1
sub-106	5	0	0.3617	1	0	1
sub-106	7	1	0.0948199999999999	1	0	1
sub-106	10	1	0.29761	0	0	1
sub-106	5	0	0.23062	0	0	1
sub-106	8	1	0.4655	0	0	1
sub-106	3	0	0.03128	0	0	1
sub-106	8	1	0.1206	0	0	1
sub-106	7	1	0.49127	0	0	1
sub-106	10	1	0.49625	0	0	1
sub-106	9	1	0.30873	0	0	1
sub-106	4	0	0.37365	1	0	0
sub-106	1	0	0.31589	1	0	0
sub-106	9	1	0.30655	1	0	0
sub-106	2	0	0.38757	1	0	0
sub-106	1	0	0.0499799999999999	1	0	0
sub-106	5	0	0.75299	1	0	0
sub-106	4	0	0.40082	1	0	0
sub-106	3	0	0.03233	1	0	0
sub-106	7	1	1.01412	0	0	1
sub-106	9	1	0.29043	0	0	1
sub-106	5	0	0.33113	0	0	1
sub-106	7	1	0.20991	0	0	1
sub-106	9	1	0.72992	0	0	1
sub-106	10	1	0.03342	0	0	1
sub-106	1	0	0.31589	0	0	1
sub-106	8	1	0.35628	0	0	1
sub-106	2	0	0.0289299999999999	0	0	0
sub-106	4	0	0.2892	1	1	0
sub-106	3	0	0.0267999999999999	1	1	0
sub-106	8	1	0.1591	1	1	0
sub-106	2	0	0.01841	1	1	0
sub-106	3	0	0.02152	1	1	0
sub-106	1	0	0.33334	1	1	0
sub-106	4	0	0.6869	1	1	0
sub-106	6	0	0.15663	1	1	0
sub-106	8	1	0.92843	1	1	0
sub-106	2	0	0.02518	1	1	0
sub-109	10	1	1.44422	1	1	1
sub-109	7	1	0.78732	1	1	1
sub-109	4	1	0.83442	1	1	1
sub-109	10	1	0.45152	1	1	1
sub-109	7	1	0.59231	1	1	1
sub-109	6	1	0.23	1	1	1
sub-109	9	1	1.33518	1	1	1
sub-109	7	1	1.08889	1	1	1
sub-109	5	1	1.60534	1	0	1
sub-109	10	1	0.38356	1	0	1
sub-109	2	1	0.5417	0	0	0
sub-109	2	1	0.55204	0	0	0
sub-109	7	1	1.27068	0	0	0
sub-109	4	1	1.63803	0	0	0
sub-109	4	1	1.4614	0	0	1
sub-109	9	1	0.15153	0	0	1
sub-109	7	1	1.22914	0	0	1
sub-109	8	1	0.54111	0	0	1
sub-109	9	1	0.49465	0	0	1
sub-109	9	1	1.67478	0	0	1
sub-109	6	1	1.00845	0	0	1
sub-109	6	1	1.04018	1	0	0
sub-109	3	1	1.86638	1	0	0
sub-109	3	1	0.46067	0	0	0
sub-109	6	1	0.64305	0	0	0
sub-109	4	1	0.26181	0	0	0
sub-109	4	1	0.0188900000000001	0	0	0
sub-109	9	1	1.01892	0	0	0
sub-109	2	1	0.61932	0	0	0
sub-109	4	1	0.53904	1	1	0
sub-109	2	1	0.33721	1	1	0
sub-109	10	1	0.9966	1	1	1
sub-109	7	1	0.23458	1	1	1
sub-109	9	1	1.63908	1	1	1
sub-109	2	1	0.49792	1	0	0
sub-109	1	0	0.0351699999999999	1	0	0
sub-109	4	1	0.67393	1	0	0
sub-109	3	1	1.3579	1	0	0
sub-109	3	1	0.28838	1	0	0
sub-110	6	1	0.0325599999999999	0	0	1
sub-110	10	1	0.03234	1	0	1
sub-110	3	0	0.0223500000000001	1	0	1
sub-110	9	1	0.0315099999999999	1	0	1
sub-110	9	1	0.02234	1	0	1
sub-110	7	1	0.0268600000000001	1	0	1
sub-110	9	1	0.03226	1	0	1
sub-110	6	1	0.0218700000000001	1	0	1
sub-110	7	1	0.0198499999999999	1	1	1
sub-110	5	1	0.0646199999999999	1	0	1
sub-110	7	1	0.02214	1	0	1
sub-110	9	1	0.0297499999999999	1	0	1
sub-110	7	1	0.0183500000000001	1	0	1
sub-110	9	1	0.0249699999999999	1	0	1
sub-110	10	1	0.0328999999999999	1	0	1
sub-110	2	0	0.0208699999999999	1	0	1
sub-110	2	0	0.01797	1	1	1
sub-110	7	1	0.02447	1	1	1
sub-110	4	0	0.02125	1	1	0
sub-110	6	1	0.0297799999999999	1	1	0
sub-110	1	0	0.0308900000000001	1	1	0
sub-110	3	0	0.0202899999999999	1	1	0
sub-110	3	0	0.02867	1	1	0
sub-110	8	1	0.0189999999999999	1	1	0
sub-110	3	1	0.0274099999999999	1	0	0
sub-110	1	1	0.0202100000000001	0	0	0
sub-110	4	0	0.02895	0	0	0
sub-110	9	1	0.01841	0	0	0
sub-110	3	1	0.02179	0	0	0
sub-110	1	0	0.02973	0	0	0
sub-110	6	1	0.03312	0	0	0
sub-110	4	0	0.0306500000000001	0	0	0
sub-110	3	1	0.01813	1	0	1
sub-110	7	1	0.0265500000000001	1	0	1
sub-110	7	1	0.03298	1	0	1
sub-110	7	1	0.02372	1	0	1
sub-110	10	1	0.0308299999999999	1	0	1
sub-110	5	0	0.02	1	0	1
sub-110	4	1	0.02722	0	0	0
sub-110	6	1	0.03305	1	0	0
sub-110	2	0	0.0241800000000001	1	0	0
sub-110	10	1	0.01993	0	0	1
sub-110	8	1	0.0272600000000001	0	0	1
sub-110	9	1	0.03314	0	0	1
sub-110	1	0	0.02064	0	0	1
sub-110	6	1	0.0271699999999999	0	0	1
sub-110	7	1	0.0173300000000001	0	0	1
sub-110	4	0	0.0327	1	1	0
sub-110	9	1	0.0220800000000001	0	0	1
sub-105	2	0	1.62583	1	0	0
sub-105	2	0	1.24474	1	0	0
sub-105	2	0	1.49753	1	0	0
sub-105	6	1	0.61842	1	0	0
sub-105	9	1	0.48054	1	0	0
sub-105	4	1	0.55544	1	0	0
sub-105	2	0	0.47326	1	0	0
sub-105	5	1	0.87818	1	0	1
sub-105	7	1	0.6749	1	1	1
sub-105	9	1	0.52165	1	1	1
sub-105	2	0	0.52015	1	1	1
sub-105	8	1	0.45953	1	1	1
sub-105	9	1	0.50555	1	1	1
sub-105	9	1	0.59205	1	1	1
sub-105	6	1	0.61124	1	1	1
sub-105	2	0	1.19017	1	1	0
sub-105	2	1	0.65613	1	1	0
sub-105	3	1	0.71519	1	1	0
sub-105	6	1	0.51297	1	1	0
sub-105	3	0	0.52079	1	1	0
sub-105	4	0	0.47639	1	1	0
sub-105	10	1	0.43965	1	1	0
sub-105	4	0	0.48855	1	1	0
sub-105	1	0	0.55048	1	1	0
sub-105	4	1	0.55032	1	1	0
sub-105	1	0	0.45791	1	1	0
sub-105	2	0	0.48977	1	1	0
sub-105	5	1	0.46071	1	1	0
sub-105	8	1	0.81888	1	1	0
sub-105	2	0	0.4505	1	1	0
sub-105	2	0	0.43172	1	1	0
sub-105	8	1	0.55147	1	1	1
sub-105	7	1	0.50394	1	1	1
sub-105	8	1	0.4157	1	1	1
sub-105	7	1	0.55023	1	1	1
sub-105	9	1	0.58373	1	1	1
sub-105	9	1	0.94586	1	1	1
sub-105	3	0	0.73488	1	1	1
sub-105	6	1	0.58207	1	1	1
sub-105	8	1	0.4589	0	0	1
sub-105	9	1	0.7121	1	0	1
sub-105	3	1	0.93634	1	0	1
sub-105	10	1	0.46841	1	0	1
sub-105	7	1	0.42901	1	0	1
sub-105	10	1	0.46286	1	0	1
sub-105	9	1	0.44391	1	0	1
sub-105	5	1	0.58091	1	0	1
sub-105	4	1	1.11484	1	1	0
sub-105	2	0	0.56849	1	1	0
sub-105	3	1	0.5051	1	1	0
sub-105	1	0	0.91486	1	1	0
sub-105	7	1	0.47347	1	1	0
sub-105	3	0	0.45872	1	1	0
sub-108	3	0	0.41548	0	0	0
sub-108	5	1	0.40014	0	0	0
sub-108	5	1	0.7524	1	1	1
sub-108	2	0	0.68528	1	1	1
sub-108	7	1	0.40206	1	1	1
sub-108	7	1	0.48605	1	1	1
sub-108	9	1	0.45215	1	1	1
sub-108	10	1	0.46762	1	1	1
sub-108	7	1	0.49664	1	0	1
sub-108	10	1	0.38793	1	0	1
sub-108	10	1	0.3736	1	0	1
sub-108	9	1	0.40512	1	0	1
sub-108	6	1	0.4891	1	0	1
sub-108	3	0	0.58394	1	1	0
sub-108	3	0	0.2997	1	1	0
sub-108	1	0	0.28434	1	1	0
sub-108	3	1	0.36807	1	1	0
sub-108	3	1	0.60213	1	1	0
sub-108	2	0	0.02075	1	1	0
sub-108	2	0	0.01776	1	1	0
sub-108	3	0	0.0180899999999999	1	1	0
sub-108	3	0	0.0294399999999999	1	0	0
sub-108	4	0	0.02935	1	0	0
sub-108	4	0	0.0301100000000001	1	0	0
sub-108	6	0	0.0288600000000001	1	0	0
sub-108	4	0	0.0270699999999999	1	0	0
sub-108	4	1	0.0258	1	0	0
sub-108	9	1	0.03026	1	0	0
sub-108	6	1	0.0221499999999999	1	0	0
sub-108	1	0	0.0272600000000001	1	0	0
sub-108	3	0	0.0190999999999999	1	0	0
sub-108	8	1	0.02915	1	0	1
sub-108	9	1	0.02858	1	0	1
sub-108	9	1	0.02864	1	0	1
sub-108	10	1	0.0293699999999999	1	0	1
sub-108	8	1	0.0230999999999999	1	0	1
sub-108	3	0	0.0177700000000001	0	0	0
sub-108	5	1	0.01762	0	0	0
sub-108	9	1	0.03155	0	0	0
sub-108	10	1	0.0222100000000001	0	0	1
sub-108	8	1	0.85649	0	0	1
sub-108	10	1	0.0324199999999999	0	0	1
sub-108	8	1	0.0182899999999999	0	0	1
sub-108	9	1	0.01919	0	0	1
sub-108	7	1	0.0195000000000001	1	1	1
sub-108	6	1	0.0325599999999999	1	1	1
sub-108	10	1	0.0200400000000001	1	1	1
sub-107	9	1	1.1715	1	0	1
sub-107	9	1	1.08123	1	0	1
sub-107	10	1	0.85583	1	0	1
sub-107	6	0	0.3948	1	0	1
sub-107	9	1	0.55291	1	0	1
sub-107	8	1	0.31685	1	0	0
sub-107	4	0	0.60696	1	0	0
sub-107	5	0	0.38039	1	0	0
sub-107	1	0	0.31694	0	0	0
sub-107	4	1	1.69117	0	0	0
sub-107	7	1	0.3202	0	0	0
sub-107	3	0	0.33573	0	0	0
sub-107	4	0	0.84051	0	0	0
sub-107	9	1	1.18618	1	1	1
sub-107	7	0	0.231	0	0	1
sub-107	7	0	0.37271	0	0	1
sub-107	8	1	0.16918	0	0	1
sub-107	5	0	0.08535	0	0	1
sub-107	3	0	0.37992	1	1	0
sub-107	2	0	0.30038	1	1	0
sub-107	1	0	0.54018	1	1	0
sub-107	5	1	0.74654	1	1	0
sub-107	5	1	1.3828	1	0	0
sub-107	2	0	0.17027	1	0	0
sub-107	3	0	0.30508	1	0	0
sub-107	10	1	0.3497	1	0	1
sub-107	7	1	0.98293	1	0	1
sub-107	10	1	0.16352	1	0	1
sub-107	5	1	0.87662	1	0	1
sub-107	7	1	0.61394	1	0	1
sub-107	10	1	0.25321	0	0	1
sub-107	7	0	1.68556	0	0	1
sub-107	6	0	0.23184	0	0	1
sub-107	2	0	0.82733	1	0	1
sub-107	8	1	0.09972	1	0	1
sub-107	5	0	0.25536	1	0	1
sub-107	10	1	0.08205	1	0	1
sub-107	10	1	0.2881	1	0	1
sub-107	10	1	0.36056	1	1	1
sub-107	9	1	0.26808	1	1	1
sub-107	1	0	0.80848	1	1	1
sub-107	6	1	0.1982	1	1	0
sub-107	1	0	0.01766	1	1	0
sub-107	1	0	0.47729	1	1	0
sub-107	4	1	0.71851	1	1	0
sub-107	1	0	0.0246	1	1	0
sub-107	1	0	0.33838	0	0	0
sub-111	1	0	1.64755	1	1	1
sub-111	7	0	1.78899	1	1	1
sub-111	6	0	1.66891	1	1	1
sub-111	7	1	1.16751	1	1	1
sub-111	9	1	1.11025	1	1	1
sub-111	8	1	0.59365	1	1	1
sub-111	9	1	0.80173	1	1	1
sub-111	1	0	0.26772	1	0	1
sub-111	2	0	0.45454	1	0	0
sub-111	3	0	0.0317499999999999	1	0	0
sub-111	2	0	0.0330999999999999	1	0	0
sub-111	3	1	0.20708	1	0	0
sub-111	2	0	0.03094	1	0	0
sub-111	6	1	0.03064	1	0	0
sub-111	2	0	0.0305	1	0	0
sub-111	4	0	0.53257	0	0	0
sub-111	1	0	0.30775	1	1	0
sub-111	4	0	0.0219800000000001	1	1	0
sub-111	1	0	0.0230900000000001	1	1	0
sub-111	8	1	0.02874	1	1	0
sub-111	3	0	0.0220199999999999	1	1	0
sub-111	4	0	0.01877	1	1	0
sub-111	2	0	0.03224	1	1	0
sub-111	8	1	0.0317099999999999	1	0	1
sub-111	5	1	0.57305	1	1	1
sub-111	7	1	0.0245299999999999	1	1	1
sub-111	9	1	0.03227	1	1	1
sub-111	9	1	0.02183	1	1	1
sub-111	8	1	0.44804	1	1	1
sub-111	7	1	0.01919	1	1	1
sub-111	1	0	0.46127	1	1	1
sub-111	2	0	0.32619	1	1	0
sub-111	10	1	0.03302	1	1	0
sub-111	1	0	0.17165	1	1	0
sub-111	10	1	0.0306200000000001	1	1	1
sub-111	7	1	0.02881	1	1	1
sub-111	10	1	0.0197799999999999	1	1	1
sub-111	6	1	0.07748	1	1	1
sub-111	7	1	0.0301499999999999	1	1	1
sub-111	10	1	0.02295	1	0	1
sub-111	9	1	0.0315300000000001	1	0	1
sub-111	5	1	0.03304	1	0	1
sub-111	4	1	0.0298799999999999	1	0	1
sub-111	8	1	0.0213000000000001	1	0	1
sub-111	3	1	0.01722	1	0	0
sub-111	5	1	0.0251699999999999	1	0	0
sub-111	1	1	0.21805	1	0	0
sub-112	1	1	1.27477	0	0	0
sub-112	2	1	0.02982	0	0	0
sub-112	2	1	1.02059	0	0	0
sub-112	6	1	0.79325	0	0	0
sub-112	4	1	0.59883	0	0	0
sub-112	4	1	1.22173	0	0	0
sub-112	1	0	0.61048	0	0	0
sub-112	8	1	0.5004	0	0	0
sub-112	4	1	1.11567	1	0	0
sub-112	3	1	0.60537	1	0	0
sub-112	3	1	0.92957	1	0	0
sub-112	6	1	1.08561	1	0	0
sub-112	8	1	0.82455	1	0	0
sub-112	5	1	0.75474	1	1	0
sub-112	4	1	0.84413	1	1	0
sub-112	3	1	0.45064	1	1	0
sub-112	10	1	0.44802	1	1	1
sub-112	6	1	0.80433	1	1	1
sub-112	4	1	0.64356	1	1	1
sub-112	10	1	0.89923	1	1	1
sub-112	10	1	0.48827	1	1	1
sub-112	4	1	0.4405	0	0	0
sub-112	10	1	0.57966	0	0	0
sub-112	10	1	0.67944	1	1	1
sub-112	7	1	0.38486	1	1	1
sub-112	8	1	0.46493	1	0	1
sub-112	7	1	0.48877	1	0	1
sub-112	7	1	0.72395	1	0	1
sub-112	3	0	0.42925	1	0	1
sub-112	6	1	0.45171	1	0	1
sub-112	8	1	0.39082	1	0	1
sub-112	7	1	0.58131	1	0	1
sub-112	10	1	0.3371	1	0	1
sub-112	4	1	0.5999	1	0	0
sub-112	2	0	0.33857	1	0	0
sub-112	9	1	0.36127	1	0	0
sub-112	4	1	0.78541	1	0	0
sub-112	6	1	0.92498	1	0	0
sub-112	1	0	0.33089	1	0	0
sub-112	8	1	0.36388	1	1	1
sub-112	7	1	0.01929	1	1	1
sub-112	7	1	0.4832	1	0	1
sub-112	7	1	0.07422	1	0	1
sub-112	9	1	0.41392	1	0	1
sub-112	8	1	0.38648	1	0	1
sub-112	9	1	0.45918	1	0	1
sub-112	2	0	0.41516	1	0	1
sub-112	10	1	0.41623	0	0	1
sub-112	1	0	0.35231	0	0	0
sub-112	8	1	0.45826	0	0	0
sub-112	4	1	0.58092	0	0	0
sub-112	6	1	0.40436	0	0	0
sub-112	3	1	0.62718	0	0	0
sub-112	4	1	0.41735	0	0	0
sub-112	4	1	0.35643	0	0	0
sub-112	4	1	0.68827	1	0	0
sub-113	3	0	1.19739	0	0	0
sub-113	1	0	0.58679	0	0	0
sub-113	1	0	0.89297	0	0	0
sub-113	7	0	1.23374	0	0	0
sub-113	1	0	0.47281	0	0	0
sub-113	2	0	0.46159	0	0	0
sub-113	6	0	0.88455	0	0	0
sub-113	1	0	0.48256	1	0	0
sub-113	4	0	0.77678	1	1	0
sub-113	1	0	0.38372	1	1	0
sub-113	4	0	0.69037	1	1	0
sub-113	3	0	0.42922	1	1	0
sub-113	8	1	0.68513	1	1	0
sub-113	1	0	0.42268	1	1	0
sub-113	6	1	0.41465	1	1	0
sub-113	4	0	0.38707	1	1	0
sub-113	4	0	0.41768	0	0	0
sub-113	8	1	0.62473	0	0	0
sub-113	1	0	0.46358	0	0	0
sub-113	4	0	0.41956	0	0	0
sub-113	4	0	0.94249	0	0	0
sub-113	2	0	0.38162	0	0	0
sub-113	1	0	0.3874	0	0	0
sub-113	10	1	0.49763	0	0	1
sub-113	5	1	0.925	1	1	0
sub-113	2	0	0.38053	1	1	0
sub-113	2	0	0.72127	1	1	0
sub-113	2	0	0.55764	1	1	0
sub-113	7	1	0.64683	1	1	0
sub-113	2	0	0.46957	1	1	0
sub-113	2	0	0.45963	1	1	0
sub-113	7	1	0.4703	0	0	1
sub-113	9	1	0.74814	1	0	1
sub-113	10	1	0.4722	1	0	1
sub-113	8	1	0.49544	1	0	1
sub-113	8	1	0.41816	1	0	1
sub-113	5	1	0.84086	1	0	1
sub-113	9	1	0.41328	1	0	1
sub-113	7	1	0.46929	1	0	1
sub-113	4	0	0.42611	1	0	1
sub-113	1	0	0.52376	1	1	1
sub-113	10	1	0.42966	1	1	1
sub-113	7	1	0.55379	1	1	1
sub-113	9	1	0.69298	1	1	1
sub-113	7	1	0.46481	1	1	1
sub-113	10	1	0.488	1	1	1
sub-113	6	1	0.76071	1	1	1
sub-113	3	0	0.73534	1	0	0
sub-113	4	0	1.03233	1	1	0
sub-113	2	0	0.4056	1	1	0
sub-113	7	1	0.48069	1	1	0
sub-113	1	0	0.38615	1	1	0
sub-113	6	0	1.12622	1	1	0
sub-113	3	0	0.39871	1	1	0
sub-113	2	0	0.33851	1	1	0
sub-113	7	1	0.36743	0	0	1
sub-113	1	0	0.64664	0	0	0
sub-113	4	0	0.48609	0	0	0
sub-113	5	0	0.40916	0	0	0
sub-113	1	0	0.38152	0	0	0
sub-113	3	0	0.50441	0	0	0
sub-113	10	1	0.64426	0	0	0
sub-113	1	0	0.46632	0	0	0
sub-115	1	1	0.57378	1	0	0
sub-115	1	1	0.53269	1	0	0
sub-115	1	1	0.90568	1	0	0
sub-115	1	1	1.24462	1	0	0
sub-115	1	0	0.46802	1	0	0
sub-115	4	0	0.5563	1	0	0
sub-115	5	1	0.49712	1	0	0
sub-115	10	1	0.71882	1	0	0
sub-115	10	1	0.56373	1	0	1
sub-115	3	0	0.80545	1	0	1
sub-115	9	1	0.47837	1	0	1
sub-115	7	0	0.90286	1	0	1
sub-115	8	1	0.42679	1	0	1
sub-115	9	1	0.56161	1	0	1
sub-115	8	1	0.48633	1	0	1
sub-115	6	0	0.42423	1	0	1
sub-115	2	0	1.1621	0	0	0
sub-115	3	1	0.384	0	0	0
sub-115	3	1	0.44248	0	0	0
sub-115	7	0	0.51432	0	0	0
sub-115	2	0	0.45446	0	0	0
sub-115	1	1	0.49053	0	0	0
sub-115	2	0	0.34356	0	0	0
sub-115	5	1	0.60331	0	0	0
sub-115	4	0	0.41868	1	1	1
sub-115	10	1	0.45885	1	1	1
sub-115	10	1	0.51769	1	1	1
sub-115	9	1	0.4382	1	1	1
sub-115	6	0	0.61341	1	1	1
sub-115	8	1	0.4524	1	1	1
sub-115	7	0	0.40847	1	1	1
sub-115	7	1	0.49949	1	1	1
sub-115	9	1	0.4776	0	0	1
sub-115	8	1	0.4415	0	0	1
sub-115	8	1	0.64853	0	0	1
sub-115	10	1	0.38943	0	0	1
sub-115	5	1	0.47866	0	0	1
sub-115	8	1	0.38388	0	0	1
sub-115	4	0	0.35848	0	0	1
sub-115	7	0	0.42818	1	0	1
sub-115	4	0	0.39774	1	1	0
sub-115	3	1	0.53602	1	1	0
sub-115	8	1	0.65916	1	1	0
sub-115	3	1	1.06567	1	1	0
sub-115	2	0	0.50418	1	1	0
sub-115	5	1	0.44415	1	1	0
sub-115	10	1	0.44005	0	0	0
sub-115	1	1	0.92859	0	0	0
sub-115	3	1	0.61159	1	1	0
sub-115	1	1	0.43418	1	1	0
sub-115	6	0	1.04036	1	1	0
sub-115	4	0	0.49658	1	1	0
sub-115	8	1	0.46981	1	1	0
sub-115	1	1	0.44281	1	1	0
sub-116	6	1	0.04643	1	0	0
sub-116	3	0	1.17723	1	0	0
sub-116	4	0	0.28876	1	0	1
sub-116	6	0	0.35656	0	0	0
sub-116	4	0	0.30613	0	0	0
sub-116	1	0	0.33801	0	0	0
sub-116	7	1	0.40424	0	0	0
sub-116	4	0	0.33341	0	0	0
sub-116	4	0	0.33338	0	0	0
sub-116	8	1	0.4039	1	1	1
sub-116	10	1	0.30145	1	1	1
sub-116	10	1	0.30143	1	1	1
sub-116	10	1	0.34705	1	1	1
sub-116	10	1	0.33394	1	1	1
sub-116	5	0	0.38357	1	1	1
sub-116	7	1	0.39694	1	1	1
sub-116	3	0	0.32992	1	1	1
sub-116	3	0	0.43606	1	1	0
sub-116	3	0	0.34862	1	1	0
sub-116	4	0	0.37212	1	1	0
sub-116	3	0	0.30057	0	0	0
sub-116	10	1	0.34419	1	0	0
sub-116	1	0	0.32536	1	0	0
sub-116	1	0	0.35858	1	0	0
sub-116	6	0	0.3378	1	0	0
sub-116	1	0	0.33266	1	0	0
sub-116	4	0	0.50289	1	0	0
sub-116	9	1	0.42261	1	0	1
sub-116	4	0	0.40984	0	0	0
sub-117	2	1	0.63382	0	0	0
sub-117	6	1	0.36577	0	0	0
sub-117	7	1	0.44842	0	0	0
sub-117	4	1	0.41646	0	0	0
sub-117	2	0	0.74682	0	0	0
sub-117	1	0	0.34726	0	0	0
sub-117	2	1	0.39673	0	0	0
sub-117	7	1	0.0268299999999999	0	0	1
sub-117	10	1	0.36292	1	1	1
sub-117	5	1	0.347	1	1	1
sub-117	7	1	0.31465	1	1	1
sub-117	10	1	0.93096	1	1	1
sub-117	1	0	0.52867	1	1	1
sub-117	9	1	0.38309	1	1	1
sub-117	10	1	0.36749	1	1	1
sub-117	8	1	0.45434	0	0	1
sub-117	4	1	0.47005	1	1	0
sub-117	6	1	0.0255099999999999	1	0	1
sub-117	7	1	0.42372	1	0	1
sub-117	7	1	0.29028	1	0	1
sub-117	3	1	0.37118	1	0	1
sub-117	8	1	0.33686	1	0	1
sub-117	8	1	0.38668	1	0	1
sub-117	9	1	0.33721	1	0	1
sub-117	5	1	0.49074	1	1	1
sub-117	10	1	0.31995	1	1	1
sub-117	1	0	0.37002	1	1	1
sub-117	9	1	0.3033	1	1	1
sub-117	10	1	0.28479	1	1	1
sub-117	9	1	0.571	1	1	1
sub-117	10	1	0.32156	1	1	1
sub-117	10	1	0.48465	1	1	1
sub-117	10	1	0.37741	1	0	0
sub-117	4	1	0.34298	1	0	0
sub-117	3	1	0.29315	1	0	0
sub-117	3	1	0.29551	1	0	0
sub-117	2	1	0.34277	1	0	0
sub-117	4	1	0.27366	1	0	0
sub-117	5	1	0.34033	1	0	0
sub-117	2	1	0.40748	1	0	0
sub-118	10	1	1.90067	0	0	1
sub-118	6	1	1.82321	0	0	1
sub-118	7	1	0.74941	0	0	1
sub-118	1	0	0.60799	0	0	1
sub-118	10	1	0.4755	0	0	1
sub-118	8	0	1.75303	0	0	1
sub-118	8	1	0.65543	0	0	1
sub-118	7	0	0.68874	0	0	1
sub-118	1	0	0.29411	1	0	0
sub-118	8	1	0.53967	1	1	1
sub-118	8	1	0.32627	1	1	1
sub-118	5	1	0.4805	1	1	1
sub-118	9	1	0.30064	1	1	1
sub-118	9	1	0.30264	1	1	1
sub-118	8	1	0.34329	1	1	1
sub-118	4	0	0.44898	1	1	1
sub-118	3	0	0.64704	1	0	0
sub-118	4	0	0.22476	1	0	0
sub-118	10	1	0.24422	1	0	0
sub-118	6	1	0.3603	1	0	0
sub-118	3	0	0.31459	1	0	0
sub-118	3	1	0.0245599999999999	1	0	0
sub-118	4	0	0.51689	1	0	0
sub-118	9	1	0.34169	1	1	1
sub-118	1	0	0.35126	1	0	1
sub-118	6	1	0.38037	1	0	1
sub-118	10	1	0.30442	1	0	1
sub-118	8	1	0.34466	1	0	1
sub-118	9	1	0.41511	1	0	1
sub-118	9	1	0.28772	1	0	1
sub-118	7	1	0.51588	1	0	1
sub-118	4	1	0.0321800000000001	1	1	0
sub-118	7	1	1.01865	0	0	1
sub-118	5	1	0.39435	0	0	1
sub-118	1	1	0.32816	0	0	1
sub-118	9	1	0.53088	0	0	1
sub-118	10	1	0.33836	0	0	1
sub-118	7	1	0.35297	0	0	1
sub-118	10	1	0.37318	0	0	1
sub-118	10	1	0.3726	0	0	0
sub-118	7	1	0.32036	0	0	1
sub-118	2	1	0.55281	1	1	0
sub-118	8	1	0.35857	1	1	0
sub-118	1	1	0.38493	1	1	0
sub-118	1	1	0.64629	1	1	0
sub-118	3	1	0.21448	1	1	0
sub-118	4	1	0.0286599999999999	1	1	0
sub-118	5	1	0.01973	1	1	0
sub-118	10	1	0.54421	1	1	1
sub-118	1	1	0.22362	1	1	0
sub-118	3	1	0.01915	1	1	0
sub-118	2	0	0.0168699999999999	1	1	0
sub-118	4	0	0.02983	1	1	0
sub-118	3	0	0.0177700000000001	1	1	0
sub-118	7	1	0.02162	1	1	0
sub-118	6	1	0.11477	1	1	0
sub-120	8	1	0.33748	0	0	1
sub-120	2	0	0.01844	1	1	1
sub-120	10	1	0.02417	1	1	1
sub-120	6	0	0.29843	1	1	1
sub-120	8	1	0.10562	1	1	1
sub-120	8	1	0.0276000000000001	1	1	1
sub-120	9	1	0.21726	1	1	1
sub-120	9	1	0.48993	1	1	1
sub-120	2	0	0.28106	0	0	0
sub-120	5	1	0.26306	1	0	1
sub-120	2	0	0.38619	1	0	1
sub-120	9	1	0.57665	1	0	1
sub-120	9	1	0.73252	1	0	1
sub-120	10	1	0.12132	1	0	1
sub-120	8	1	0.0269699999999999	1	0	1
sub-120	10	1	0.01718	0	0	1
sub-120	8	1	0.01976	1	0	1
sub-120	4	0	0.0176799999999999	1	1	0
sub-120	1	0	0.02599	1	1	0
sub-120	2	0	0.032	1	1	0
sub-120	4	0	0.17252	1	1	0
sub-120	7	1	0.0292600000000001	1	1	0
sub-120	5	0	0.01823	1	1	0
sub-120	2	0	0.0246	1	1	0
sub-120	4	0	0.0299100000000001	1	0	0
sub-120	4	0	0.01929	1	0	0
sub-120	9	1	0.24861	1	0	1
sub-120	9	1	0.0209600000000001	1	0	1
sub-120	8	1	0.06029	1	0	1
sub-120	10	1	0.0328299999999999	1	0	1
sub-120	2	0	0.12319	1	0	1
sub-120	6	1	0.346	1	0	1
sub-120	9	1	0.08527	1	0	1
sub-120	7	1	0.03017	1	1	1
sub-120	10	1	0.0265299999999999	0	0	1
sub-120	5	1	0.21706	0	0	1
sub-120	10	0	0.02267	0	0	1
sub-120	9	1	0.0285899999999999	0	0	1
sub-120	3	0	0.01789	0	0	1
sub-120	10	1	0.19182	0	0	1
sub-120	10	1	0.0304899999999999	0	0	1
sub-120	2	0	0.0249999999999999	0	0	0
sub-121	10	1	1.18822	0	0	1
sub-121	8	1	1.04931	0	0	1
sub-121	7	0	0.45751	0	0	1
sub-121	8	1	1.29801	0	0	1
sub-121	5	0	0.44592	0	0	1
sub-121	9	1	0.65999	0	0	1
sub-121	5	1	0.37249	1	1	0
sub-121	2	1	0.75425	1	1	0
sub-121	1	0	0.27621	1	0	0
sub-121	3	1	0.60738	1	0	0
sub-121	3	1	0.35665	1	0	0
sub-121	4	0	0.87441	1	0	0
sub-121	5	1	0.35593	1	0	0
sub-121	10	1	0.32264	1	0	0
sub-121	7	1	0.45421	0	0	1
sub-121	8	1	0.45445	0	0	1
sub-121	10	1	0.2267	1	0	1
sub-121	10	1	0.31357	1	0	1
sub-121	6	1	0.41011	1	0	1
sub-121	7	1	0.4118	1	0	1
sub-121	9	1	0.345	1	0	1
sub-121	5	1	0.63503	1	1	0
sub-121	8	1	0.45195	1	1	0
sub-121	4	1	0.50309	1	1	0
sub-121	10	1	0.33854	1	1	1
sub-121	1	0	0.32108	1	1	1
sub-121	1	0	0.59483	1	0	0
sub-121	2	0	0.27103	1	0	0
sub-121	9	1	0.14501	1	0	0
sub-121	2	0	0.26232	1	0	0
sub-121	2	0	0.0250600000000001	1	0	0
sub-121	3	0	0.47482	1	0	0
sub-121	5	1	0.28844	1	0	0
sub-121	4	1	0.31813	1	0	0
sub-121	4	1	0.32346	1	0	1
sub-121	10	1	0.3385	1	0	1
sub-121	8	1	0.28795	1	0	1
sub-121	1	0	0.64676	1	0	0
sub-121	7	1	0.23467	1	1	1
sub-121	5	1	0.36594	1	1	1
sub-121	10	1	0.0306500000000001	1	1	1
sub-121	7	1	0.0987800000000001	1	1	1
sub-121	1	0	0.19734	1	0	1
sub-121	5	1	0.21361	1	0	1
sub-121	8	1	0.0334700000000001	1	0	1
sub-121	8	1	0.0312600000000001	1	0	1
sub-121	8	1	0.37699	1	0	1
sub-121	8	1	0.3098	1	0	1
sub-121	5	1	0.37951	0	0	1
sub-121	7	1	0.0216799999999999	0	0	1
sub-121	8	1	0.0184200000000001	0	0	1
sub-121	7	1	0.0211699999999999	0	0	1
sub-121	8	1	0.02176	0	0	1
sub-121	8	1	0.0196499999999999	0	0	1
sub-121	3	1	1.02021	0	0	1
sub-121	7	1	0.40133	0	0	1
sub-122	2	0	0.0330699999999999	1	0	0
sub-122	1	0	0.72482	1	0	0
sub-122	3	1	0.66788	1	0	0
sub-122	5	1	1.34151	1	0	0
sub-122	6	1	0.68656	0	0	1
sub-122	10	1	0.76608	1	0	1
sub-122	6	1	0.72397	1	0	1
sub-122	9	1	0.60086	1	0	1
sub-122	8	1	0.69278	0	0	1
sub-122	7	1	0.67736	0	0	0
sub-122	2	1	1.06812	0	0	0
sub-122	3	1	0.67611	0	0	0
sub-122	3	0	0.47782	0	0	0
sub-122	3	0	0.44019	0	0	0
sub-122	1	0	0.41523	0	0	0
sub-122	1	1	1.43614	0	0	0
sub-122	5	1	1.09042	0	0	0
sub-122	6	1	0.68836	1	1	0
sub-122	9	1	0.81142	1	1	0
sub-122	9	1	0.49456	1	0	1
sub-122	7	1	0.56786	1	0	1
sub-122	7	1	0.42514	1	0	1
sub-122	8	1	0.86108	1	0	1
sub-122	3	1	0.91587	1	0	1
sub-122	9	1	0.48903	1	0	1
sub-122	4	1	0.82952	0	0	0
sub-122	4	1	0.53337	0	0	0
sub-122	3	0	0.51853	1	0	0
sub-122	5	1	0.52466	1	1	1
sub-122	8	1	0.54962	1	1	1
sub-122	1	1	1.45273	1	1	1
sub-122	2	1	0.79379	1	0	0
sub-122	1	1	0.61731	1	0	0
sub-122	7	1	0.42322	0	0	1
sub-122	1	0	0.58445	0	0	1
sub-122	9	1	0.77289	0	0	1
sub-122	6	1	0.51735	0	0	1
sub-122	8	1	0.75818	0	0	1
sub-122	10	1	0.44043	0	0	1
sub-122	9	1	0.59577	1	1	1
sub-122	10	1	0.57228	1	1	1
sub-124	3	1	0.34684	0	0	0
sub-124	5	1	0.31986	0	0	0
sub-124	1	1	0.36015	0	0	0
sub-124	1	1	0.41459	0	0	0
sub-124	2	1	0.52179	0	0	0
sub-124	10	1	0.54228	0	0	1
sub-124	7	1	0.03006	0	0	1
sub-124	8	1	0.47244	0	0	1
sub-124	9	1	0.72824	0	0	1
sub-124	9	1	0.36695	0	0	1
sub-124	3	1	0.29775	0	0	1
sub-124	3	1	0.68183	1	1	0
sub-124	4	1	1.03678	1	1	0
sub-124	5	1	1.29367	1	1	0
sub-124	1	0	0.78232	1	1	0
sub-124	1	0	0.33964	1	1	0
sub-124	8	1	0.43069	1	1	0
sub-124	6	1	0.35499	1	0	1
sub-124	4	1	0.44516	1	0	1
sub-124	9	1	0.62358	1	1	0
sub-124	4	1	0.44606	1	1	0
sub-124	3	1	0.4529	1	1	0
sub-124	7	1	0.49734	1	1	1
sub-124	10	1	0.46739	1	1	1
sub-124	10	1	0.75607	1	1	1
sub-124	9	1	0.36197	1	1	1
sub-124	6	1	0.31828	1	1	1
sub-124	9	1	1.36357	1	0	1
sub-124	10	1	0.48369	1	0	1
sub-124	3	1	0.3571	1	0	1
sub-124	4	1	0.39281	0	0	0
sub-124	2	1	0.41896	0	0	0
sub-124	1	0	0.6221	1	0	0
sub-124	1	0	0.37821	1	0	0
sub-124	1	0	0.23397	1	0	0
sub-124	5	1	0.37596	1	0	0
sub-124	2	1	0.39991	1	0	0
sub-124	2	1	0.36653	1	1	0
sub-124	5	1	0.30771	1	1	0
sub-124	2	1	0.33152	1	1	0
sub-124	7	1	0.10786	0	0	1
sub-124	7	1	0.56459	0	0	1
sub-124	3	1	0.50358	1	0	0
sub-124	5	1	1.09403	1	0	0
sub-124	8	1	0.51834	1	0	0
sub-124	2	1	0.29058	1	0	0
sub-124	1	0	0.0312399999999999	1	0	0
sub-124	3	1	0.0328200000000001	1	0	0
sub-124	3	1	0.0264200000000001	1	0	0
sub-124	3	1	0.74779	1	0	0
sub-125	3	1	0.70485	1	1	0
sub-125	8	1	0.78359	1	0	1
sub-125	9	1	0.35642	1	0	1
sub-125	7	0	0.78733	1	0	1
sub-125	7	0	0.70381	1	0	1
sub-125	7	1	0.50565	1	0	1
sub-125	4	0	0.38767	1	0	1
sub-125	9	1	0.38528	1	0	1
sub-125	7	1	0.59267	1	1	1
sub-125	1	0	1.15879	1	1	1
sub-125	9	1	0.61189	1	1	1
sub-125	9	1	0.99335	1	1	1
sub-125	10	1	0.92366	1	1	1
sub-125	9	1	0.44506	0	0	0
sub-125	1	0	0.6639	0	0	0
sub-125	5	1	0.84854	0	0	0
sub-125	2	0	0.48276	0	0	0
sub-125	4	0	0.81545	0	0	0
sub-125	3	0	0.61654	0	0	0
sub-125	1	0	0.87077	1	0	0
sub-125	7	1	0.81681	1	0	0
sub-125	2	0	1.08334	1	0	0
sub-125	5	1	1.16655	1	0	0
sub-125	2	0	0.96765	1	0	0
sub-125	2	0	0.78393	0	0	0
sub-125	2	0	0.68441	0	0	0
sub-125	6	1	1.0355	0	0	0
sub-125	7	1	1.17974	1	1	1
sub-125	1	0	0.53044	1	1	1
sub-125	2	0	0.52615	1	1	0
sub-125	1	0	0.52888	1	1	0
sub-125	9	1	1.17934	1	1	0
sub-125	1	0	0.53559	1	0	0
sub-125	4	1	0.91587	1	0	0
sub-125	1	0	0.56502	1	0	0
sub-125	1	0	1.16605	1	0	0
sub-125	6	0	1.20334	1	0	0
sub-125	4	0	0.58638	1	0	0
sub-125	5	1	0.58517	1	1	1
sub-125	3	0	0.46463	1	1	1
sub-127	1	0	0.52869	0	0	1
sub-127	9	1	0.48462	0	0	1
sub-127	8	1	0.54153	0	0	1
sub-127	9	1	0.53736	1	1	0
sub-127	4	0	0.42626	1	1	0
sub-127	7	0	0.43498	1	1	1
sub-127	6	0	0.47441	1	1	1
sub-127	8	1	0.56374	1	1	1
sub-127	10	1	0.38719	1	1	1
sub-127	4	0	0.43486	1	0	0
sub-127	1	0	0.24056	1	0	0
sub-127	9	1	0.51452	1	0	0
sub-127	2	0	0.42055	1	0	0
sub-127	3	0	0.42584	1	1	0
sub-127	1	0	0.58194	1	1	0
sub-127	7	0	0.70447	1	1	0
sub-127	4	0	0.47083	0	0	0
sub-127	4	0	0.42858	0	0	0
sub-127	2	0	0.48445	0	0	0
sub-127	2	0	0.47478	0	0	0
sub-127	10	1	0.4973	0	0	0
sub-127	5	0	0.45325	0	0	0
sub-127	4	0	0.41023	0	0	0
sub-127	3	0	0.4328	0	0	0
sub-127	8	1	0.32119	1	0	1
sub-127	7	0	0.744	1	0	1
sub-127	5	0	0.54379	1	1	0
sub-127	2	0	0.53313	1	1	0
sub-127	1	0	0.4583	1	1	0
sub-127	9	1	0.05569	1	0	1
sub-127	1	0	0.47779	1	0	1
sub-127	8	1	0.41902	1	0	1
sub-127	6	0	0.47516	1	0	1
sub-127	9	1	0.44769	1	0	1
sub-127	7	0	0.41158	1	1	1
sub-127	5	0	0.4507	1	1	1
sub-127	10	1	0.0315300000000001	1	0	0
sub-127	3	0	0.47212	1	0	0
sub-127	1	0	0.49603	1	0	0
sub-127	2	0	0.38527	1	0	0
sub-127	2	0	0.47457	1	0	0
sub-127	4	0	0.48053	1	0	0
sub-128	6	0	0.70844	1	1	1
sub-128	8	0	0.26432	1	1	1
sub-128	10	1	0.01956	1	1	1
sub-128	10	1	0.10914	1	1	1
sub-128	7	0	0.16595	1	1	1
sub-128	2	0	0.27204	1	1	1
sub-128	7	0	0.0612999999999999	1	1	1
sub-128	4	0	0.70915	0	0	0
sub-128	2	0	0.01929	1	1	0
sub-128	2	0	0.02528	1	1	0
sub-128	4	0	0.0311999999999999	1	1	0
sub-128	3	0	0.02145	1	1	0
sub-128	7	0	0.0280400000000001	1	1	0
sub-128	1	0	0.0234799999999999	1	0	1
sub-128	10	0	0.0307599999999999	1	0	1
sub-128	7	0	0.0210600000000001	1	0	1
sub-128	7	0	0.0266999999999999	1	0	1
sub-128	6	0	0.0331600000000001	1	0	1
sub-128	7	0	0.02339	1	0	1
sub-128	9	0	0.02912	1	0	1
sub-128	9	0	0.01831	1	0	1
sub-128	3	0	0.0970200000000001	0	0	0
sub-128	5	0	0.02013	0	0	0
sub-128	4	0	0.026	0	0	0
sub-128	8	0	0.03087	0	0	1
sub-128	8	0	0.0212399999999999	0	0	1
sub-128	2	0	0.02704	0	0	1
sub-128	7	0	0.0329600000000001	0	0	1
sub-128	8	0	0.0236700000000001	0	0	1
sub-128	4	0	0.0210900000000001	1	0	0
sub-128	10	0	0.02705	1	0	0
sub-128	1	0	0.0176400000000001	1	0	0
sub-128	9	0	0.0248699999999999	1	1	1
sub-128	10	1	0.0305500000000001	1	1	1
sub-128	6	0	0.0197700000000001	1	1	1
sub-128	8	0	0.02562	1	1	1
sub-128	1	0	0.03146	1	1	1
sub-128	1	0	0.0306200000000001	1	0	0
sub-128	4	0	0.0221199999999999	1	0	0
sub-128	3	0	0.0174000000000001	1	0	0
sub-128	10	1	0.0242899999999999	1	0	0
sub-128	1	0	0.0307500000000001	1	0	0
sub-128	6	0	0.0191699999999999	1	0	0
sub-128	4	0	0.02539	1	0	0
sub-128	9	0	0.08656	1	1	0
sub-128	4	0	0.0441199999999999	1	1	0
sub-128	2	0	0.02976	0	0	0
sub-128	4	0	0.01956	0	0	0
sub-128	2	0	0.02488	0	0	0
sub-128	7	0	0.0307999999999999	0	0	0
sub-128	2	0	0.0202599999999999	0	0	0
sub-128	6	0	0.02633	0	0	0
sub-128	7	0	0.0223100000000001	1	1	1
sub-128	9	0	0.1452	1	1	1
sub-129	7	1	0.71723	0	0	1
sub-129	9	1	0.13934	0	0	1
sub-129	1	0	0.76214	0	0	1
sub-129	6	0	0.80158	0	0	1
sub-129	10	1	0.14036	0	0	1
sub-129	8	1	0.82105	1	0	1
sub-129	10	1	0.17757	1	0	1
sub-129	6	1	0.15132	1	0	1
sub-129	3	0	0.10736	1	0	1
sub-129	9	1	0.0296400000000001	1	0	1
sub-129	7	1	0.0189299999999999	1	0	1
sub-129	10	1	0.02457	1	0	1
sub-129	7	1	0.0809899999999999	1	0	1
sub-129	1	0	0.16206	0	0	0
sub-129	4	0	0.36911	0	0	0
sub-129	5	1	0.22496	0	0	0
sub-129	1	0	0.0912599999999999	1	0	0
sub-129	4	0	0.34499	1	0	0
sub-129	3	0	0.0307900000000001	1	1	0
sub-129	3	0	0.17131	1	1	0
sub-129	2	0	0.0270300000000001	1	1	0
sub-129	8	1	0.0328900000000001	1	1	0
sub-129	1	0	0.02318	1	1	0
sub-129	4	0	0.0290299999999999	1	1	0
sub-129	5	1	0.0352600000000001	1	1	0
sub-129	6	1	0.33199	0	0	0
sub-129	2	0	0.0275099999999999	0	0	0
sub-129	1	0	0.01692	0	0	0
sub-129	2	0	0.02386	0	0	0
sub-129	2	0	0.0298400000000001	0	0	0
sub-129	10	1	0.0187299999999999	0	0	0
sub-129	3	0	0.0248900000000001	0	0	0
sub-129	2	0	0.19483	1	0	0
sub-129	10	1	0.01844	1	0	0
sub-129	1	0	0.0183800000000001	1	1	0
sub-129	2	0	0.0243100000000001	1	1	0
sub-129	8	1	0.0303899999999999	1	1	0
sub-129	1	0	0.12559	0	0	0
sub-129	4	0	0.0328900000000001	0	0	0
sub-129	3	0	0.0233699999999999	0	0	0
sub-129	10	1	0.02902	0	0	0
sub-129	7	1	0.02847	1	1	1
sub-129	10	1	0.0177799999999999	1	1	1
sub-129	10	1	0.02298	1	1	1
sub-129	9	1	0.0305500000000001	1	1	1
sub-129	3	0	0.01928	1	1	1
sub-129	6	1	0.0257799999999999	1	1	1
sub-129	9	1	0.02041	0	0	1
sub-129	1	0	0.0274300000000001	0	0	1
sub-129	10	1	0.0169999999999999	0	0	1
sub-129	9	1	0.03077	1	0	1
sub-129	8	1	0.02136	1	0	1
sub-129	6	1	0.02715	1	0	1
sub-129	10	1	0.0329200000000001	1	0	1
sub-131	10	1	0.47061	1	1	1
sub-131	9	1	0.34759	1	1	1
sub-131	4	0	1.04241	1	0	1
sub-131	8	0	1.54672	1	0	1
sub-131	7	0	0.66949	1	0	1
sub-131	8	1	1.09299	1	0	1
sub-131	8	1	0.90036	1	0	1
sub-131	8	1	1.0235	1	0	1
sub-131	5	0	1.49641	1	0	1
sub-131	2	0	0.48612	1	0	0
sub-131	10	1	0.0496000000000001	1	1	0
sub-131	3	1	1.02515	1	1	0
sub-131	1	0	0.61479	1	1	0
sub-131	2	0	0.97088	1	1	0
sub-131	3	0	0.69088	1	1	0
sub-131	3	1	1.58593	0	0	0
sub-131	8	1	0.54395	0	0	0
sub-131	1	1	0.63429	0	0	0
sub-131	2	1	0.14059	1	0	0
sub-131	8	1	0.46534	1	0	0
sub-131	2	1	0.03715	1	0	0
sub-131	1	1	0.66283	1	0	0
sub-131	4	1	0.0184200000000001	1	0	0
sub-131	8	1	0.68698	0	0	1
sub-131	2	1	0.4768	0	0	1
sub-131	7	1	0.20067	0	0	1
sub-131	8	1	0.01997	1	1	1
sub-131	2	1	0.0270699999999999	1	1	1
sub-131	7	1	0.0178700000000001	1	1	1
sub-131	5	1	0.72636	1	1	1
sub-131	8	1	0.81495	1	1	1
sub-131	9	1	0.78163	1	0	1
sub-131	6	1	0.02132	1	0	1
sub-131	1	1	0.24809	1	1	1
sub-131	10	1	0.12205	1	1	1
sub-131	5	1	0.0263899999999999	1	1	1
sub-131	10	1	0.25021	1	1	1
sub-131	9	1	0.02403	1	1	1
sub-131	8	1	0.98561	1	0	1
sub-131	7	1	0.0280899999999999	1	0	1
sub-131	8	1	0.03081	1	0	1
sub-135	7	0	0.02783	1	1	1
sub-135	7	0	0.01709	1	1	1
sub-135	7	0	0.70682	1	1	0
sub-135	2	0	0.42927	1	1	0
sub-135	3	0	0.97578	1	1	0
sub-135	6	0	0.32229	1	1	0
sub-135	4	0	0.02773	1	1	0
sub-135	3	0	0.35876	0	0	0
sub-135	6	0	0.79001	0	0	0
sub-135	3	0	0.62931	0	0	0
sub-135	3	0	0.79944	0	0	0
sub-135	7	0	0.0223199999999999	0	0	0
sub-135	5	0	0.0181	0	0	1
sub-135	3	0	0.0237000000000001	0	0	1
sub-135	9	0	0.0297400000000001	0	0	1
sub-135	7	0	0.01911	0	0	1
sub-135	2	0	0.0241100000000001	1	1	0
sub-135	7	0	0.0300199999999999	1	1	0
sub-135	1	0	0.0192300000000001	1	1	0
sub-135	5	0	0.02512	1	1	0
sub-135	10	1	0.02172	1	0	1
sub-135	6	0	0.02748	1	0	1
sub-135	10	1	0.01681	1	0	1
sub-135	4	0	0.0258400000000001	0	0	1
sub-135	4	0	0.15457	1	0	0
sub-135	4	0	0.02626	1	0	0
sub-135	2	0	0.63414	1	0	0
sub-135	4	0	0.02254	1	0	0
sub-135	2	0	0.07847	1	0	0
sub-135	8	0	0.01894	1	0	0
sub-135	1	0	0.0247599999999999	1	0	0
sub-135	7	0	0.07639	1	1	1
sub-135	8	0	1.4835	1	1	1
sub-135	7	0	0.02139	1	1	1
sub-135	8	0	0.02721	1	1	1
sub-135	5	0	0.0330600000000001	1	1	1
sub-135	1	0	0.5969	1	0	1
sub-135	9	0	0.17747	1	0	0
sub-135	5	0	0.0321199999999999	1	0	0
sub-135	1	0	0.0231300000000001	1	0	0
sub-135	3	0	0.02881	1	0	0
sub-135	1	0	0.0186900000000001	1	0	0
sub-135	1	0	1.64224	1	0	0
sub-135	2	0	0.03091	1	0	0
sub-136	1	0	0.99656	0	0	0
sub-136	2	0	1.27857	0	0	0
sub-136	4	1	0.3274	0	0	0
sub-136	8	1	0.28432	0	0	1
sub-136	8	1	0.02128	0	0	1
sub-136	9	1	0.40659	0	0	1
sub-136	9	1	0.02077	0	0	1
sub-136	1	0	0.57831	1	1	0
sub-136	3	0	0.28827	1	0	0
sub-136	7	1	0.0214300000000001	1	0	0
sub-136	1	0	0.0392699999999999	1	0	0
sub-136	4	1	0.0200199999999999	1	0	0
sub-136	2	0	0.57364	1	0	0
sub-136	2	0	0.02251	1	0	0
sub-136	3	0	0.48777	1	0	0
sub-136	7	1	0.04637	0	0	1
sub-136	2	0	0.0291399999999999	1	1	0
sub-136	3	0	0.0315799999999999	1	1	0
sub-136	6	1	0.11087	1	1	0
sub-136	4	1	0.0297000000000001	1	1	0
sub-136	3	0	0.79509	1	1	0
sub-136	9	1	0.55961	1	1	0
sub-136	4	1	0.08975	1	1	0
sub-136	8	1	0.0850500000000001	1	0	0
sub-136	5	1	0.25025	1	0	0
sub-136	1	0	1.48308	1	0	0
sub-136	1	0	0.0685	1	0	0
sub-136	6	1	0.3256	1	1	0
sub-136	10	1	0.06884	1	0	1
sub-136	6	1	0.18238	1	0	1
sub-136	7	1	0.03244	1	0	1
sub-136	7	1	0.01745	1	0	1
sub-136	3	1	0.0332300000000001	1	0	1
sub-136	7	1	0.0316399999999999	1	0	1
sub-136	9	1	0.39722	1	0	1
sub-136	3	0	0.91992	0	0	0
sub-136	5	1	0.41774	1	0	0
sub-136	2	1	0.2853	1	0	0
sub-136	3	1	0.0200499999999999	1	0	0
sub-136	4	1	0.0199	1	0	0
sub-136	3	1	0.03454	1	0	0
sub-136	10	1	0.03223	1	0	0
sub-136	3	1	0.29935	1	0	0
sub-136	4	1	0.03047	1	0	0
sub-137	1	0	1.89046	1	1	1
sub-137	9	1	0.96393	1	1	1
sub-137	7	1	1.67102	1	1	1
sub-137	4	0	0.02956	1	0	0
sub-137	3	0	0.0523899999999999	1	0	0
sub-137	2	0	0.45882	1	0	0
sub-137	3	0	0.19789	1	0	0
sub-137	4	0	0.89478	1	1	0
sub-137	2	0	0.0175099999999999	1	1	0
sub-137	6	1	1.32559	1	1	0
sub-137	2	0	0.0303500000000001	1	1	0
sub-137	4	0	0.0254700000000001	1	1	0
sub-137	8	1	0.19857	1	1	0
sub-137	4	0	0.0206	1	1	0
sub-137	8	1	0.2175	1	0	0
sub-137	6	0	0.22547	1	0	0
sub-137	1	0	0.19831	1	0	0
sub-137	1	0	0.0203199999999999	1	0	0
sub-137	1	0	0.46612	1	0	0
sub-137	2	0	0.12162	1	0	0
sub-137	3	0	0.0271699999999999	1	0	0
sub-137	7	1	0.24037	1	0	1
sub-137	7	1	0.11248	1	0	1
sub-137	7	1	0.48553	1	0	1
sub-137	2	0	0.02511	1	0	1
sub-137	3	0	0.0244899999999999	0	0	0
sub-137	1	0	0.0299199999999999	0	0	0
sub-137	5	0	0.35308	0	0	0
sub-137	10	1	0.49229	0	0	0
sub-137	8	1	0.57345	0	0	1
sub-137	7	1	0.51263	0	0	1
sub-137	3	0	0.13483	0	0	1
sub-137	10	1	0.42442	0	0	1
sub-137	8	1	0.58721	0	0	1
sub-137	6	0	1.01016	0	0	1
sub-137	9	1	0.53233	0	0	1
sub-137	10	1	0.52815	1	1	1
sub-137	6	1	1.98595	1	1	1
sub-137	7	1	0.3918	1	1	1
sub-137	8	1	0.44889	1	1	1
sub-137	7	1	0.02424	1	1	1
sub-137	9	1	0.0302199999999999	1	1	1
sub-137	2	0	0.0956300000000001	1	0	0
sub-137	2	0	0.01973	1	0	0
sub-137	8	1	0.02596	1	0	0
sub-137	2	0	0.03155	1	0	0
sub-137	6	0	1.23995	1	0	0
sub-137	3	0	0.0183500000000001	1	1	0
sub-137	4	0	0.0240499999999999	1	1	0
sub-137	2	0	0.02997	1	1	0
sub-137	1	0	0.71085	0	0	0
sub-137	5	0	0.46735	0	0	0
sub-137	2	0	0.02294	0	0	0
sub-137	1	0	0.02877	0	0	0
sub-137	2	0	0.01803	0	0	0
sub-137	4	0	0.0239100000000001	0	0	0
sub-137	7	1	0.33017	0	0	0
sub-137	4	0	0.02007	0	0	0
sub-138	3	1	0.05539	0	0	0
sub-138	6	1	0.43701	0	0	0
sub-138	3	1	0.34198	0	0	0
sub-138	1	1	1.59912	0	0	0
sub-138	3	1	0.0214000000000001	0	0	0
sub-138	10	1	0.0891900000000001	1	1	1
sub-138	5	0	0.12843	1	1	1
sub-138	5	1	1.20876	1	0	0
sub-138	2	0	0.71564	1	0	0
sub-138	2	1	0.0208299999999999	1	0	0
sub-138	4	1	0.0268200000000001	1	0	0
sub-138	8	1	0.0326599999999999	1	0	0
sub-138	3	1	0.0400199999999999	1	0	0
sub-138	9	1	0.02931	0	0	1
sub-138	7	1	0.06905	0	0	1
sub-138	8	1	0.46402	1	0	1
sub-138	10	1	0.0194099999999999	1	0	1
sub-138	7	1	0.19335	1	0	1
sub-138	9	1	0.03192	1	0	1
sub-138	8	1	0.0222100000000001	1	0	1
sub-138	6	1	0.6487	0	0	0
sub-138	1	0	1.35565	0	0	0
sub-138	2	0	0.52804	0	0	0
sub-138	4	1	1.38447	0	0	0
sub-138	1	0	0.08952	0	0	0
sub-138	3	0	1.22947	0	0	0
sub-138	1	0	0.53527	0	0	0
sub-138	4	1	0.67994	1	1	0
sub-138	3	1	0.0857000000000001	1	1	0
sub-138	4	1	0.05847	1	1	0
sub-138	1	1	1.89945	1	1	0
sub-138	8	1	0.63769	1	1	0
sub-138	2	0	1.49422	1	1	0
sub-138	4	1	0.26654	1	1	0
sub-138	5	1	1.43336	1	0	1
sub-138	1	1	1.42997	1	1	0
sub-138	7	1	0.0186299999999999	1	1	0
sub-138	6	1	0.0247900000000001	1	1	0
sub-138	1	0	1.63216	1	1	0
sub-138	3	0	0.85322	1	1	0
sub-138	2	1	0.0325500000000001	1	1	0
sub-138	4	1	0.40667	1	1	0
sub-138	8	1	0.0168699999999999	0	0	1
sub-138	7	1	1.43308	0	0	1
sub-138	8	1	0.40371	0	0	1
sub-138	10	1	1.06118	0	0	1
sub-138	8	1	0.2667	0	0	1
sub-138	2	1	1.52054	1	0	0
sub-138	4	1	0.0242599999999999	1	0	0
sub-138	3	1	0.31547	1	0	0
sub-138	7	1	0.28515	0	0	1
sub-138	9	1	0.95792	0	0	1
sub-138	7	1	0.09684	0	0	1
sub-140	8	1	0.74646	1	0	1
sub-140	4	1	0.736	1	0	1
sub-140	7	1	0.19255	1	0	1
sub-140	7	0	1.21599	1	0	1
sub-140	1	1	0.60156	1	0	0
sub-140	2	0	0.55784	1	0	0
sub-140	2	1	0.98526	0	0	0
sub-140	2	0	1.45958	0	0	0
sub-140	1	1	0.29936	0	0	0
sub-140	4	1	0.17269	0	0	0
sub-140	6	1	0.31333	0	0	0
sub-140	3	1	1.87154	0	0	0
sub-140	4	1	0.90173	1	0	1
sub-140	10	1	0.0232699999999999	1	0	1
sub-140	9	1	0.03064	1	0	1
sub-140	7	1	0.20381	1	0	1
sub-140	7	1	0.04348	1	0	1
sub-140	7	1	0.19948	1	0	1
sub-140	8	1	0.15554	1	0	1
sub-140	6	1	0.6819	1	0	0
sub-140	2	0	0.65087	0	0	1
sub-140	3	1	1.33015	0	0	0
sub-140	7	1	0.68669	0	0	0
sub-140	2	0	1.49339	0	0	0
sub-140	1	0	0.16483	0	0	0
sub-140	3	1	0.55438	0	0	0
sub-140	2	1	0.37715	0	0	0
sub-140	3	1	0.26709	0	0	0
sub-140	4	1	0.39475	1	0	0
NA	NA	NA	NA	NA	NA	NA
NA	NA	NA	NA	NA	NA	NA
NA	NA	NA	NA	NA	NA	NA
NA	NA	NA	NA	NA	NA	NA
NA	NA	NA	NA	NA	NA	NA
NA	NA	NA	NA	NA	NA	NA
NA	NA	NA	NA	NA	NA	NA
NA	NA	NA	NA	NA	NA	NA
NA	NA	NA	NA	NA	NA	NA
NA	NA	NA	NA	NA	NA	NA
NA	NA	NA	NA	NA	NA	NA
NA	NA	NA	NA	NA	NA	NA
NA	NA	NA	NA	NA	NA	NA
NA	NA	NA	NA	NA	NA	NA
NA	NA	NA	NA	NA	NA	NA
NA	NA	NA	NA	NA	NA	NA
NA	NA	NA	NA	NA	NA	NA
NA	NA	NA	NA	NA	NA	NA
NA	NA	NA	NA	NA	NA	NA
NA	NA	NA	NA	NA	NA	NA
NA	NA	NA	NA	NA	NA	NA
NA	NA	NA	NA	NA	NA	NA
NA	NA	NA	NA	NA	NA	NA
NA	NA	NA	NA	NA	NA	NA
NA	NA	NA	NA	NA	NA	NA
NA	NA	NA	NA	NA	NA	NA
NA	NA	NA	NA	NA	NA	NA
NA	NA	NA	NA	NA	NA	NA
NA	NA	NA	NA	NA	NA	NA
NA	NA	NA	NA	NA	NA	NA
NA	NA	NA	NA	NA	NA	NA
NA	NA	NA	NA	NA	NA	NA
NA	NA	NA	NA	NA	NA	NA
NA	NA	NA	NA	NA	NA	NA
NA	NA	NA	NA	NA	NA	NA
NA	NA	NA	NA	NA	NA	NA
NA	NA	NA	NA	NA	NA	NA
NA	NA	NA	NA	NA	NA	NA
NA	NA	NA	NA	NA	NA	NA
NA	NA	NA	NA	NA	NA	NA
NA	NA	NA	NA	NA	NA	NA
NA	NA	NA	NA	NA	NA	NA
NA	NA	NA	NA	NA	NA	NA
NA	NA	NA	NA	NA	NA	NA
NA	NA	NA	NA	NA	NA	NA
NA	NA	NA	NA	NA	NA	NA
NA	NA	NA	NA	NA	NA	NA
NA	NA	NA	NA	NA	NA	NA
NA	NA	NA	NA	NA	NA	NA
NA	NA	NA	NA	NA	NA	NA
NA	NA	NA	NA	NA	NA	NA
NA	NA	NA	NA	NA	NA	NA
NA	NA	NA	NA	NA	NA	NA
NA	NA	NA	NA	NA	NA	NA
NA	NA	NA	NA	NA	NA	NA
NA	NA	NA	NA	NA	NA	NA
NA	NA	NA	NA	NA	NA	NA
NA	NA	NA	NA	NA	NA	NA
NA	NA	NA	NA	NA	NA	NA
NA	NA	NA	NA	NA	NA	NA
NA	NA	NA	NA	NA	NA	NA
NA	NA	NA	NA	NA	NA	NA
NA	NA	NA	NA	NA	NA	NA
NA	NA	NA	NA	NA	NA	NA
NA	NA	NA	NA	NA	NA	NA
NA	NA	NA	NA	NA	NA	NA
NA	NA	NA	NA	NA	NA	NA
NA	NA	NA	NA	NA	NA	NA
NA	NA	NA	NA	NA	NA	NA
NA	NA	NA	NA	NA	NA	NA
NA	NA	NA	NA	NA	NA	NA
NA	NA	NA	NA	NA	NA	NA
NA	NA	NA	NA	NA	NA	NA
NA	NA	NA	NA	NA	NA	NA
NA	NA	NA	NA	NA	NA	NA
NA	NA	NA	NA	NA	NA	NA
NA	NA	NA	NA	NA	NA	NA
NA	NA	NA	NA	NA	NA	NA
NA	NA	NA	NA	NA	NA	NA
NA	NA	NA	NA	NA	NA	NA
NA	NA	NA	NA	NA	NA	NA
NA	NA	NA	NA	NA	NA	NA
NA	NA	NA	NA	NA	NA	NA
NA	NA	NA	NA	NA	NA	NA
NA	NA	NA	NA	NA	NA	NA
NA	NA	NA	NA	NA	NA	NA
NA	NA	NA	NA	NA	NA	NA
NA	NA	NA	NA	NA	NA	NA
NA	NA	NA	NA	NA	NA	NA
NA	NA	NA	NA	NA	NA	NA
NA	NA	NA	NA	NA	NA	NA
NA	NA	NA	NA	NA	NA	NA
NA	NA	NA	NA	NA	NA	NA
NA	NA	NA	NA	NA	NA	NA
NA	NA	NA	NA	NA	NA	NA
NA	NA	NA	NA	NA	NA	NA
NA	NA	NA	NA	NA	NA	NA
NA	NA	NA	NA	NA	NA	NA
NA	NA	NA	NA	NA	NA	NA
NA	NA	NA	NA	NA	NA	NA
NA	NA	NA	NA	NA	NA	NA
NA	NA	NA	NA	NA	NA	NA
NA	NA	NA	NA	NA	NA	NA
NA	NA	NA	NA	NA	NA	NA
NA	NA	NA	NA	NA	NA	NA
NA	NA	NA	NA	NA	NA	NA
NA	NA	NA	NA	NA	NA	NA
NA	NA	NA	NA	NA	NA	NA
NA	NA	NA	NA	NA	NA	NA
NA	NA	NA	NA	NA	NA	NA
NA	NA	NA	NA	NA	NA	NA
NA	NA	NA	NA	NA	NA	NA
NA	NA	NA	NA	NA	NA	NA
NA	NA	NA	NA	NA	NA	NA
NA	NA	NA	NA	NA	NA	NA
NA	NA	NA	NA	NA	NA	NA
NA	NA	NA	NA	NA	NA	NA
NA	NA	NA	NA	NA	NA	NA
NA	NA	NA	NA	NA	NA	NA
NA	NA	NA	NA	NA	NA	NA
NA	NA	NA	NA	NA	NA	NA
NA	NA	NA	NA	NA	NA	NA
NA	NA	NA	NA	NA	NA	NA
NA	NA	NA	NA	NA	NA	NA
NA	NA	NA	NA	NA	NA	NA
NA	NA	NA	NA	NA	NA	NA
NA	NA	NA	NA	NA	NA	NA
NA	NA	NA	NA	NA	NA	NA
NA	NA	NA	NA	NA	NA	NA
NA	NA	NA	NA	NA	NA	NA
NA	NA	NA	NA	NA	NA	NA
NA	NA	NA	NA	NA	NA	NA
NA	NA	NA	NA	NA	NA	NA
NA	NA	NA	NA	NA	NA	NA
NA	NA	NA	NA	NA	NA	NA
NA	NA	NA	NA	NA	NA	NA
NA	NA	NA	NA	NA	NA	NA
NA	NA	NA	NA	NA	NA	NA
NA	NA	NA	NA	NA	NA	NA
NA	NA	NA	NA	NA	NA	NA
NA	NA	NA	NA	NA	NA	NA
NA	NA	NA	NA	NA	NA	NA
NA	NA	NA	NA	NA	NA	NA
NA	NA	NA	NA	NA	NA	NA
NA	NA	NA	NA	NA	NA	NA
NA	NA	NA	NA	NA	NA	NA
NA	NA	NA	NA	NA	NA	NA
NA	NA	NA	NA	NA	NA	NA
NA	NA	NA	NA	NA	NA	NA
NA	NA	NA	NA	NA	NA	NA
NA	NA	NA	NA	NA	NA	NA
NA	NA	NA	NA	NA	NA	NA
NA	NA	NA	NA	NA	NA	NA
NA	NA	NA	NA	NA	NA	NA
NA	NA	NA	NA	NA	NA	NA
NA	NA	NA	NA	NA	NA	NA
NA	NA	NA	NA	NA	NA	NA
NA	NA	NA	NA	NA	NA	NA
NA	NA	NA	NA	NA	NA	NA
NA	NA	NA	NA	NA	NA	NA
NA	NA	NA	NA	NA	NA	NA
NA	NA	NA	NA	NA	NA	NA
NA	NA	NA	NA	NA	NA	NA
NA	NA	NA	NA	NA	NA	NA
NA	NA	NA	NA	NA	NA	NA
NA	NA	NA	NA	NA	NA	NA
NA	NA	NA	NA	NA	NA	NA
NA	NA	NA	NA	NA	NA	NA
NA	NA	NA	NA	NA	NA	NA
NA	NA	NA	NA	NA	NA	NA
NA	NA	NA	NA	NA	NA	NA
NA	NA	NA	NA	NA	NA	NA
NA	NA	NA	NA	NA	NA	NA
NA	NA	NA	NA	NA	NA	NA
NA	NA	NA	NA	NA	NA	NA
NA	NA	NA	NA	NA	NA	NA
NA	NA	NA	NA	NA	NA	NA
NA	NA	NA	NA	NA	NA	NA
NA	NA	NA	NA	NA	NA	NA
NA	NA	NA	NA	NA	NA	NA
NA	NA	NA	NA	NA	NA	NA
NA	NA	NA	NA	NA	NA	NA
NA	NA	NA	NA	NA	NA	NA
NA	NA	NA	NA	NA	NA	NA
NA	NA	NA	NA	NA	NA	NA
NA	NA	NA	NA	NA	NA	NA
NA	NA	NA	NA	NA	NA	NA
NA	NA	NA	NA	NA	NA	NA
NA	NA	NA	NA	NA	NA	NA
NA	NA	NA	NA	NA	NA	NA
NA	NA	NA	NA	NA	NA	NA
NA	NA	NA	NA	NA	NA	NA
NA	NA	NA	NA	NA	NA	NA
NA	NA	NA	NA	NA	NA	NA
NA	NA	NA	NA	NA	NA	NA
NA	NA	NA	NA	NA	NA	NA
NA	NA	NA	NA	NA	NA	NA
NA	NA	NA	NA	NA	NA	NA
NA	NA	NA	NA	NA	NA	NA
NA	NA	NA	NA	NA	NA	NA
NA	NA	NA	NA	NA	NA	NA
NA	NA	NA	NA	NA	NA	NA
NA	NA	NA	NA	NA	NA	NA
NA	NA	NA	NA	NA	NA	NA
NA	NA	NA	NA	NA	NA	NA
NA	NA	NA	NA	NA	NA	NA
NA	NA	NA	NA	NA	NA	NA
NA	NA	NA	NA	NA	NA	NA
NA	NA	NA	NA	NA	NA	NA
NA	NA	NA	NA	NA	NA	NA
NA	NA	NA	NA	NA	NA	NA
NA	NA	NA	NA	NA	NA	NA
NA	NA	NA	NA	NA	NA	NA
NA	NA	NA	NA	NA	NA	NA
NA	NA	NA	NA	NA	NA	NA
NA	NA	NA	NA	NA	NA	NA
NA	NA	NA	NA	NA	NA	NA
NA	NA	NA	NA	NA	NA	NA
NA	NA	NA	NA	NA	NA	NA
NA	NA	NA	NA	NA	NA	NA
NA	NA	NA	NA	NA	NA	NA
NA	NA	NA	NA	NA	NA	NA
NA	NA	NA	NA	NA	NA	NA
NA	NA	NA	NA	NA	NA	NA
NA	NA	NA	NA	NA	NA	NA
NA	NA	NA	NA	NA	NA	NA
NA	NA	NA	NA	NA	NA	NA
NA	NA	NA	NA	NA	NA	NA
NA	NA	NA	NA	NA	NA	NA
NA	NA	NA	NA	NA	NA	NA
NA	NA	NA	NA	NA	NA	NA
NA	NA	NA	NA	NA	NA	NA
NA	NA	NA	NA	NA	NA	NA
NA	NA	NA	NA	NA	NA	NA
NA	NA	NA	NA	NA	NA	NA
NA	NA	NA	NA	NA	NA	NA
NA	NA	NA	NA	NA	NA	NA
NA	NA	NA	NA	NA	NA	NA
NA	NA	NA	NA	NA	NA	NA
NA	NA	NA	NA	NA	NA	NA
NA	NA	NA	NA	NA	NA	NA
NA	NA	NA	NA	NA	NA	NA
NA	NA	NA	NA	NA	NA	NA
NA	NA	NA	NA	NA	NA	NA
NA	NA	NA	NA	NA	NA	NA
NA	NA	NA	NA	NA	NA	NA
NA	NA	NA	NA	NA	NA	NA
NA	NA	NA	NA	NA	NA	NA
NA	NA	NA	NA	NA	NA	NA
NA	NA	NA	NA	NA	NA	NA
NA	NA	NA	NA	NA	NA	NA
NA	NA	NA	NA	NA	NA	NA
NA	NA	NA	NA	NA	NA	NA
NA	NA	NA	NA	NA	NA	NA
NA	NA	NA	NA	NA	NA	NA
NA	NA	NA	NA	NA	NA	NA
NA	NA	NA	NA	NA	NA	NA
NA	NA	NA	NA	NA	NA	NA
NA	NA	NA	NA	NA	NA	NA
NA	NA	NA	NA	NA	NA	NA
NA	NA	NA	NA	NA	NA	NA
NA	NA	NA	NA	NA	NA	NA
NA	NA	NA	NA	NA	NA	NA
NA	NA	NA	NA	NA	NA	NA
NA	NA	NA	NA	NA	NA	NA
NA	NA	NA	NA	NA	NA	NA
NA	NA	NA	NA	NA	NA	NA
NA	NA	NA	NA	NA	NA	NA
NA	NA	NA	NA	NA	NA	NA
NA	NA	NA	NA	NA	NA	NA
NA	NA	NA	NA	NA	NA	NA
NA	NA	NA	NA	NA	NA	NA
NA	NA	NA	NA	NA	NA	NA
NA	NA	NA	NA	NA	NA	NA
NA	NA	NA	NA	NA	NA	NA
NA	NA	NA	NA	NA	NA	NA
NA	NA	NA	NA	NA	NA	NA
NA	NA	NA	NA	NA	NA	NA
NA	NA	NA	NA	NA	NA	NA
NA	NA	NA	NA	NA	NA	NA
NA	NA	NA	NA	NA	NA	NA
NA	NA	NA	NA	NA	NA	NA
NA	NA	NA	NA	NA	NA	NA
NA	NA	NA	NA	NA	NA	NA
NA	NA	NA	NA	NA	NA	NA
NA	NA	NA	NA	NA	NA	NA
NA	NA	NA	NA	NA	NA	NA
NA	NA	NA	NA	NA	NA	NA
NA	NA	NA	NA	NA	NA	NA
NA	NA	NA	NA	NA	NA	NA
NA	NA	NA	NA	NA	NA	NA
NA	NA	NA	NA	NA	NA	NA
NA	NA	NA	NA	NA	NA	NA
NA	NA	NA	NA	NA	NA	NA
NA	NA	NA	NA	NA	NA	NA
NA	NA	NA	NA	NA	NA	NA
NA	NA	NA	NA	NA	NA	NA
NA	NA	NA	NA	NA	NA	NA
NA	NA	NA	NA	NA	NA	NA
NA	NA	NA	NA	NA	NA	NA
NA	NA	NA	NA	NA	NA	NA
NA	NA	NA	NA	NA	NA	NA
NA	NA	NA	NA	NA	NA	NA
NA	NA	NA	NA	NA	NA	NA
NA	NA	NA	NA	NA	NA	NA
NA	NA	NA	NA	NA	NA	NA
NA	NA	NA	NA	NA	NA	NA
NA	NA	NA	NA	NA	NA	NA
NA	NA	NA	NA	NA	NA	NA
NA	NA	NA	NA	NA	NA	NA
NA	NA	NA	NA	NA	NA	NA
NA	NA	NA	NA	NA	NA	NA
NA	NA	NA	NA	NA	NA	NA
NA	NA	NA	NA	NA	NA	NA
NA	NA	NA	NA	NA	NA	NA
NA	NA	NA	NA	NA	NA	NA
NA	NA	NA	NA	NA	NA	NA
NA	NA	NA	NA	NA	NA	NA
NA	NA	NA	NA	NA	NA	NA
NA	NA	NA	NA	NA	NA	NA
NA	NA	NA	NA	NA	NA	NA
NA	NA	NA	NA	NA	NA	NA
NA	NA	NA	NA	NA	NA	NA
NA	NA	NA	NA	NA	NA	NA
NA	NA	NA	NA	NA	NA	NA
NA	NA	NA	NA	NA	NA	NA
NA	NA	NA	NA	NA	NA	NA
NA	NA	NA	NA	NA	NA	NA
NA	NA	NA	NA	NA	NA	NA
NA	NA	NA	NA	NA	NA	NA
NA	NA	NA	NA	NA	NA	NA
NA	NA	NA	NA	NA	NA	NA
NA	NA	NA	NA	NA	NA	NA
NA	NA	NA	NA	NA	NA	NA
NA	NA	NA	NA	NA	NA	NA
NA	NA	NA	NA	NA	NA	NA
NA	NA	NA	NA	NA	NA	NA
NA	NA	NA	NA	NA	NA	NA
NA	NA	NA	NA	NA	NA	NA
NA	NA	NA	NA	NA	NA	NA
NA	NA	NA	NA	NA	NA	NA
NA	NA	NA	NA	NA	NA	NA
NA	NA	NA	NA	NA	NA	NA
NA	NA	NA	NA	NA	NA	NA
NA	NA	NA	NA	NA	NA	NA
NA	NA	NA	NA	NA	NA	NA
NA	NA	NA	NA	NA	NA	NA
NA	NA	NA	NA	NA	NA	NA
NA	NA	NA	NA	NA	NA	NA
NA	NA	NA	NA	NA	NA	NA
NA	NA	NA	NA	NA	NA	NA
NA	NA	NA	NA	NA	NA	NA
NA	NA	NA	NA	NA	NA	NA
NA	NA	NA	NA	NA	NA	NA
NA	NA	NA	NA	NA	NA	NA
NA	NA	NA	NA	NA	NA	NA
NA	NA	NA	NA	NA	NA	NA
NA	NA	NA	NA	NA	NA	NA
NA	NA	NA	NA	NA	NA	NA
NA	NA	NA	NA	NA	NA	NA
NA	NA	NA	NA	NA	NA	NA
NA	NA	NA	NA	NA	NA	NA
NA	NA	NA	NA	NA	NA	NA
NA	NA	NA	NA	NA	NA	NA
NA	NA	NA	NA	NA	NA	NA
NA	NA	NA	NA	NA	NA	NA
NA	NA	NA	NA	NA	NA	NA
NA	NA	NA	NA	NA	NA	NA
NA	NA	NA	NA	NA	NA	NA
NA	NA	NA	NA	NA	NA	NA
NA	NA	NA	NA	NA	NA	NA
NA	NA	NA	NA	NA	NA	NA
NA	NA	NA	NA	NA	NA	NA
NA	NA	NA	NA	NA	NA	NA
NA	NA	NA	NA	NA	NA	NA
NA	NA	NA	NA	NA	NA	NA
NA	NA	NA	NA	NA	NA	NA
NA	NA	NA	NA	NA	NA	NA
NA	NA	NA	NA	NA	NA	NA
NA	NA	NA	NA	NA	NA	NA
NA	NA	NA	NA	NA	NA	NA
NA	NA	NA	NA	NA	NA	NA
NA	NA	NA	NA	NA	NA	NA
NA	NA	NA	NA	NA	NA	NA
NA	NA	NA	NA	NA	NA	NA
NA	NA	NA	NA	NA	NA	NA
NA	NA	NA	NA	NA	NA	NA
NA	NA	NA	NA	NA	NA	NA
NA	NA	NA	NA	NA	NA	NA
NA	NA	NA	NA	NA	NA	NA
NA	NA	NA	NA	NA	NA	NA
NA	NA	NA	NA	NA	NA	NA
NA	NA	NA	NA	NA	NA	NA
NA	NA	NA	NA	NA	NA	NA
NA	NA	NA	NA	NA	NA	NA
NA	NA	NA	NA	NA	NA	NA
NA	NA	NA	NA	NA	NA	NA
NA	NA	NA	NA	NA	NA	NA
NA	NA	NA	NA	NA	NA	NA
NA	NA	NA	NA	NA	NA	NA
NA	NA	NA	NA	NA	NA	NA
NA	NA	NA	NA	NA	NA	NA
NA	NA	NA	NA	NA	NA	NA
NA	NA	NA	NA	NA	NA	NA
NA	NA	NA	NA	NA	NA	NA
NA	NA	NA	NA	NA	NA	NA
NA	NA	NA	NA	NA	NA	NA
NA	NA	NA	NA	NA	NA	NA
NA	NA	NA	NA	NA	NA	NA
NA	NA	NA	NA	NA	NA	NA
NA	NA	NA	NA	NA	NA	NA
NA	NA	NA	NA	NA	NA	NA
NA	NA	NA	NA	NA	NA	NA
NA	NA	NA	NA	NA	NA	NA
NA	NA	NA	NA	NA	NA	NA
NA	NA	NA	NA	NA	NA	NA
NA	NA	NA	NA	NA	NA	NA
NA	NA	NA	NA	NA	NA	NA
NA	NA	NA	NA	NA	NA	NA
NA	NA	NA	NA	NA	NA	NA
NA	NA	NA	NA	NA	NA	NA
NA	NA	NA	NA	NA	NA	NA
NA	NA	NA	NA	NA	NA	NA
NA	NA	NA	NA	NA	NA	NA
NA	NA	NA	NA	NA	NA	NA
NA	NA	NA	NA	NA	NA	NA
NA	NA	NA	NA	NA	NA	NA
NA	NA	NA	NA	NA	NA	NA
NA	NA	NA	NA	NA	NA	NA
NA	NA	NA	NA	NA	NA	NA
NA	NA	NA	NA	NA	NA	NA
NA	NA	NA	NA	NA	NA	NA
NA	NA	NA	NA	NA	NA	NA
NA	NA	NA	NA	NA	NA	NA
NA	NA	NA	NA	NA	NA	NA
NA	NA	NA	NA	NA	NA	NA
NA	NA	NA	NA	NA	NA	NA
NA	NA	NA	NA	NA	NA	NA
NA	NA	NA	NA	NA	NA	NA
NA	NA	NA	NA	NA	NA	NA
NA	NA	NA	NA	NA	NA	NA
NA	NA	NA	NA	NA	NA	NA
NA	NA	NA	NA	NA	NA	NA
NA	NA	NA	NA	NA	NA	NA
NA	NA	NA	NA	NA	NA	NA
NA	NA	NA	NA	NA	NA	NA
NA	NA	NA	NA	NA	NA	NA
NA	NA	NA	NA	NA	NA	NA
NA	NA	NA	NA	NA	NA	NA
NA	NA	NA	NA	NA	NA	NA
NA	NA	NA	NA	NA	NA	NA
NA	NA	NA	NA	NA	NA	NA
NA	NA	NA	NA	NA	NA	NA
NA	NA	NA	NA	NA	NA	NA
NA	NA	NA	NA	NA	NA	NA
NA	NA	NA	NA	NA	NA	NA
NA	NA	NA	NA	NA	NA	NA
NA	NA	NA	NA	NA	NA	NA
NA	NA	NA	NA	NA	NA	NA
NA	NA	NA	NA	NA	NA	NA
NA	NA	NA	NA	NA	NA	NA
NA	NA	NA	NA	NA	NA	NA
NA	NA	NA	NA	NA	NA	NA
NA	NA	NA	NA	NA	NA	NA
NA	NA	NA	NA	NA	NA	NA
NA	NA	NA	NA	NA	NA	NA
NA	NA	NA	NA	NA	NA	NA
NA	NA	NA	NA	NA	NA	NA
NA	NA	NA	NA	NA	NA	NA
NA	NA	NA	NA	NA	NA	NA
NA	NA	NA	NA	NA	NA	NA
NA	NA	NA	NA	NA	NA	NA
NA	NA	NA	NA	NA	NA	NA
NA	NA	NA	NA	NA	NA	NA
NA	NA	NA	NA	NA	NA	NA
NA	NA	NA	NA	NA	NA	NA
NA	NA	NA	NA	NA	NA	NA
NA	NA	NA	NA	NA	NA	NA
NA	NA	NA	NA	NA	NA	NA
NA	NA	NA	NA	NA	NA	NA
NA	NA	NA	NA	NA	NA	NA
NA	NA	NA	NA	NA	NA	NA
NA	NA	NA	NA	NA	NA	NA
NA	NA	NA	NA	NA	NA	NA
NA	NA	NA	NA	NA	NA	NA
NA	NA	NA	NA	NA	NA	NA
NA	NA	NA	NA	NA	NA	NA
NA	NA	NA	NA	NA	NA	NA
NA	NA	NA	NA	NA	NA	NA
NA	NA	NA	NA	NA	NA	NA
NA	NA	NA	NA	NA	NA	NA
NA	NA	NA	NA	NA	NA	NA
NA	NA	NA	NA	NA	NA	NA
NA	NA	NA	NA	NA	NA	NA
NA	NA	NA	NA	NA	NA	NA
NA	NA	NA	NA	NA	NA	NA
NA	NA	NA	NA	NA	NA	NA
NA	NA	NA	NA	NA	NA	NA
NA	NA	NA	NA	NA	NA	NA
NA	NA	NA	NA	NA	NA	NA
NA	NA	NA	NA	NA	NA	NA
NA	NA	NA	NA	NA	NA	NA
NA	NA	NA	NA	NA	NA	NA
NA	NA	NA	NA	NA	NA	NA
NA	NA	NA	NA	NA	NA	NA
NA	NA	NA	NA	NA	NA	NA
NA	NA	NA	NA	NA	NA	NA
NA	NA	NA	NA	NA	NA	NA
NA	NA	NA	NA	NA	NA	NA
NA	NA	NA	NA	NA	NA	NA
NA	NA	NA	NA	NA	NA	NA
NA	NA	NA	NA	NA	NA	NA
NA	NA	NA	NA	NA	NA	NA
NA	NA	NA	NA	NA	NA	NA
NA	NA	NA	NA	NA	NA	NA
NA	NA	NA	NA	NA	NA	NA
NA	NA	NA	NA	NA	NA	NA
NA	NA	NA	NA	NA	NA	NA
NA	NA	NA	NA	NA	NA	NA
NA	NA	NA	NA	NA	NA	NA
NA	NA	NA	NA	NA	NA	NA
NA	NA	NA	NA	NA	NA	NA
NA	NA	NA	NA	NA	NA	NA
NA	NA	NA	NA	NA	NA	NA
NA	NA	NA	NA	NA	NA	NA
NA	NA	NA	NA	NA	NA	NA
NA	NA	NA	NA	NA	NA	NA
NA	NA	NA	NA	NA	NA	NA
NA	NA	NA	NA	NA	NA	NA
NA	NA	NA	NA	NA	NA	NA
NA	NA	NA	NA	NA	NA	NA
NA	NA	NA	NA	NA	NA	NA
NA	NA	NA	NA	NA	NA	NA
NA	NA	NA	NA	NA	NA	NA
NA	NA	NA	NA	NA	NA	NA
NA	NA	NA	NA	NA	NA	NA
NA	NA	NA	NA	NA	NA	NA
NA	NA	NA	NA	NA	NA	NA
NA	NA	NA	NA	NA	NA	NA
NA	NA	NA	NA	NA	NA	NA
NA	NA	NA	NA	NA	NA	NA
NA	NA	NA	NA	NA	NA	NA
NA	NA	NA	NA	NA	NA	NA
NA	NA	NA	NA	NA	NA	NA
NA	NA	NA	NA	NA	NA	NA
NA	NA	NA	NA	NA	NA	NA
NA	NA	NA	NA	NA	NA	NA
NA	NA	NA	NA	NA	NA	NA
NA	NA	NA	NA	NA	NA	NA
NA	NA	NA	NA	NA	NA	NA
NA	NA	NA	NA	NA	NA	NA
NA	NA	NA	NA	NA	NA	NA
NA	NA	NA	NA	NA	NA	NA
NA	NA	NA	NA	NA	NA	NA
NA	NA	NA	NA	NA	NA	NA
NA	NA	NA	NA	NA	NA	NA
NA	NA	NA	NA	NA	NA	NA
NA	NA	NA	NA	NA	NA	NA
NA	NA	NA	NA	NA	NA	NA
NA	NA	NA	NA	NA	NA	NA
NA	NA	NA	NA	NA	NA	NA
NA	NA	NA	NA	NA	NA	NA
NA	NA	NA	NA	NA	NA	NA
NA	NA	NA	NA	NA	NA	NA
NA	NA	NA	NA	NA	NA	NA
NA	NA	NA	NA	NA	NA	NA
NA	NA	NA	NA	NA	NA	NA
NA	NA	NA	NA	NA	NA	NA
NA	NA	NA	NA	NA	NA	NA
NA	NA	NA	NA	NA	NA	NA
NA	NA	NA	NA	NA	NA	NA
NA	NA	NA	NA	NA	NA	NA
NA	NA	NA	NA	NA	NA	NA
NA	NA	NA	NA	NA	NA	NA
NA	NA	NA	NA	NA	NA	NA
NA	NA	NA	NA	NA	NA	NA
NA	NA	NA	NA	NA	NA	NA
NA	NA	NA	NA	NA	NA	NA
NA	NA	NA	NA	NA	NA	NA
NA	NA	NA	NA	NA	NA	NA
NA	NA	NA	NA	NA	NA	NA
NA	NA	NA	NA	NA	NA	NA
NA	NA	NA	NA	NA	NA	NA
NA	NA	NA	NA	NA	NA	NA
NA	NA	NA	NA	NA	NA	NA
NA	NA	NA	NA	NA	NA	NA
NA	NA	NA	NA	NA	NA	NA
NA	NA	NA	NA	NA	NA	NA
NA	NA	NA	NA	NA	NA	NA
NA	NA	NA	NA	NA	NA	NA
NA	NA	NA	NA	NA	NA	NA
NA	NA	NA	NA	NA	NA	NA
NA	NA	NA	NA	NA	NA	NA
NA	NA	NA	NA	NA	NA	NA
NA	NA	NA	NA	NA	NA	NA
NA	NA	NA	NA	NA	NA	NA
NA	NA	NA	NA	NA	NA	NA
NA	NA	NA	NA	NA	NA	NA
NA	NA	NA	NA	NA	NA	NA
NA	NA	NA	NA	NA	NA	NA
NA	NA	NA	NA	NA	NA	NA
NA	NA	NA	NA	NA	NA	NA
NA	NA	NA	NA	NA	NA	NA
NA	NA	NA	NA	NA	NA	NA
NA	NA	NA	NA	NA	NA	NA
NA	NA	NA	NA	NA	NA	NA
NA	NA	NA	NA	NA	NA	NA
NA	NA	NA	NA	NA	NA	NA
NA	NA	NA	NA	NA	NA	NA
NA	NA	NA	NA	NA	NA	NA
NA	NA	NA	NA	NA	NA	NA
NA	NA	NA	NA	NA	NA	NA
NA	NA	NA	NA	NA	NA	NA
NA	NA	NA	NA	NA	NA	NA
NA	NA	NA	NA	NA	NA	NA
NA	NA	NA	NA	NA	NA	NA
NA	NA	NA	NA	NA	NA	NA
NA	NA	NA	NA	NA	NA	NA
NA	NA	NA	NA	NA	NA	NA
NA	NA	NA	NA	NA	NA	NA
NA	NA	NA	NA	NA	NA	NA
NA	NA	NA	NA	NA	NA	NA
NA	NA	NA	NA	NA	NA	NA
NA	NA	NA	NA	NA	NA	NA
NA	NA	NA	NA	NA	NA	NA
NA	NA	NA	NA	NA	NA	NA
NA	NA	NA	NA	NA	NA	NA
NA	NA	NA	NA	NA	NA	NA
NA	NA	NA	NA	NA	NA	NA
NA	NA	NA	NA	NA	NA	NA
NA	NA	NA	NA	NA	NA	NA
NA	NA	NA	NA	NA	NA	NA
NA	NA	NA	NA	NA	NA	NA
NA	NA	NA	NA	NA	NA	NA
NA	NA	NA	NA	NA	NA	NA
NA	NA	NA	NA	NA	NA	NA
NA	NA	NA	NA	NA	NA	NA
NA	NA	NA	NA	NA	NA	NA
NA	NA	NA	NA	NA	NA	NA
NA	NA	NA	NA	NA	NA	NA
NA	NA	NA	NA	NA	NA	NA
NA	NA	NA	NA	NA	NA	NA
NA	NA	NA	NA	NA	NA	NA
NA	NA	NA	NA	NA	NA	NA
NA	NA	NA	NA	NA	NA	NA
NA	NA	NA	NA	NA	NA	NA
NA	NA	NA	NA	NA	NA	NA
NA	NA	NA	NA	NA	NA	NA
NA	NA	NA	NA	NA	NA	NA
NA	NA	NA	NA	NA	NA	NA
NA	NA	NA	NA	NA	NA	NA
NA	NA	NA	NA	NA	NA	NA
NA	NA	NA	NA	NA	NA	NA
NA	NA	NA	NA	NA	NA	NA
NA	NA	NA	NA	NA	NA	NA
NA	NA	NA	NA	NA	NA	NA
NA	NA	NA	NA	NA	NA	NA
NA	NA	NA	NA	NA	NA	NA
NA	NA	NA	NA	NA	NA	NA
NA	NA	NA	NA	NA	NA	NA
NA	NA	NA	NA	NA	NA	NA
NA	NA	NA	NA	NA	NA	NA
NA	NA	NA	NA	NA	NA	NA
NA	NA	NA	NA	NA	NA	NA
NA	NA	NA	NA	NA	NA	NA
NA	NA	NA	NA	NA	NA	NA
NA	NA	NA	NA	NA	NA	NA
NA	NA	NA	NA	NA	NA	NA
NA	NA	NA	NA	NA	NA	NA
NA	NA	NA	NA	NA	NA	NA
NA	NA	NA	NA	NA	NA	NA
NA	NA	NA	NA	NA	NA	NA
NA	NA	NA	NA	NA	NA	NA
NA	NA	NA	NA	NA	NA	NA
NA	NA	NA	NA	NA	NA	NA
NA	NA	NA	NA	NA	NA	NA
NA	NA	NA	NA	NA	NA	NA
NA	NA	NA	NA	NA	NA	NA
NA	NA	NA	NA	NA	NA	NA
NA	NA	NA	NA	NA	NA	NA
NA	NA	NA	NA	NA	NA	NA
NA	NA	NA	NA	NA	NA	NA
NA	NA	NA	NA	NA	NA	NA
NA	NA	NA	NA	NA	NA	NA
NA	NA	NA	NA	NA	NA	NA
NA	NA	NA	NA	NA	NA	NA
NA	NA	NA	NA	NA	NA	NA
NA	NA	NA	NA	NA	NA	NA
NA	NA	NA	NA	NA	NA	NA
NA	NA	NA	NA	NA	NA	NA
NA	NA	NA	NA	NA	NA	NA
NA	NA	NA	NA	NA	NA	NA
NA	NA	NA	NA	NA	NA	NA
NA	NA	NA	NA	NA	NA	NA
NA	NA	NA	NA	NA	NA	NA
NA	NA	NA	NA	NA	NA	NA
NA	NA	NA	NA	NA	NA	NA
NA	NA	NA	NA	NA	NA	NA
NA	NA	NA	NA	NA	NA	NA
NA	NA	NA	NA	NA	NA	NA
NA	NA	NA	NA	NA	NA	NA
NA	NA	NA	NA	NA	NA	NA
NA	NA	NA	NA	NA	NA	NA
NA	NA	NA	NA	NA	NA	NA
NA	NA	NA	NA	NA	NA	NA
NA	NA	NA	NA	NA	NA	NA
NA	NA	NA	NA	NA	NA	NA
NA	NA	NA	NA	NA	NA	NA
NA	NA	NA	NA	NA	NA	NA
NA	NA	NA	NA	NA	NA	NA
NA	NA	NA	NA	NA	NA	NA
NA	NA	NA	NA	NA	NA	NA
NA	NA	NA	NA	NA	NA	NA
NA	NA	NA	NA	NA	NA	NA
NA	NA	NA	NA	NA	NA	NA
NA	NA	NA	NA	NA	NA	NA
NA	NA	NA	NA	NA	NA	NA
NA	NA	NA	NA	NA	NA	NA
NA	NA	NA	NA	NA	NA	NA
NA	NA	NA	NA	NA	NA	NA
NA	NA	NA	NA	NA	NA	NA
NA	NA	NA	NA	NA	NA	NA
NA	NA	NA	NA	NA	NA	NA
NA	NA	NA	NA	NA	NA	NA
NA	NA	NA	NA	NA	NA	NA
NA	NA	NA	NA	NA	NA	NA
NA	NA	NA	NA	NA	NA	NA
NA	NA	NA	NA	NA	NA	NA
NA	NA	NA	NA	NA	NA	NA
NA	NA	NA	NA	NA	NA	NA
NA	NA	NA	NA	NA	NA	NA
NA	NA	NA	NA	NA	NA	NA
NA	NA	NA	NA	NA	NA	NA
NA	NA	NA	NA	NA	NA	NA
NA	NA	NA	NA	NA	NA	NA
NA	NA	NA	NA	NA	NA	NA
NA	NA	NA	NA	NA	NA	NA
NA	NA	NA	NA	NA	NA	NA
NA	NA	NA	NA	NA	NA	NA
NA	NA	NA	NA	NA	NA	NA
NA	NA	NA	NA	NA	NA	NA
NA	NA	NA	NA	NA	NA	NA
NA	NA	NA	NA	NA	NA	NA
NA	NA	NA	NA	NA	NA	NA
NA	NA	NA	NA	NA	NA	NA
NA	NA	NA	NA	NA	NA	NA
NA	NA	NA	NA	NA	NA	NA
NA	NA	NA	NA	NA	NA	NA
NA	NA	NA	NA	NA	NA	NA
NA	NA	NA	NA	NA	NA	NA
NA	NA	NA	NA	NA	NA	NA
NA	NA	NA	NA	NA	NA	NA
NA	NA	NA	NA	NA	NA	NA
NA	NA	NA	NA	NA	NA	NA
NA	NA	NA	NA	NA	NA	NA
NA	NA	NA	NA	NA	NA	NA
NA	NA	NA	NA	NA	NA	NA
NA	NA	NA	NA	NA	NA	NA
NA	NA	NA	NA	NA	NA	NA
NA	NA	NA	NA	NA	NA	NA
NA	NA	NA	NA	NA	NA	NA
NA	NA	NA	NA	NA	NA	NA
NA	NA	NA	NA	NA	NA	NA
NA	NA	NA	NA	NA	NA	NA
NA	NA	NA	NA	NA	NA	NA
NA	NA	NA	NA	NA	NA	NA
NA	NA	NA	NA	NA	NA	NA
NA	NA	NA	NA	NA	NA	NA
NA	NA	NA	NA	NA	NA	NA
NA	NA	NA	NA	NA	NA	NA
NA	NA	NA	NA	NA	NA	NA
NA	NA	NA	NA	NA	NA	NA
NA	NA	NA	NA	NA	NA	NA
NA	NA	NA	NA	NA	NA	NA
NA	NA	NA	NA	NA	NA	NA
NA	NA	NA	NA	NA	NA	NA
NA	NA	NA	NA	NA	NA	NA
NA	NA	NA	NA	NA	NA	NA
NA	NA	NA	NA	NA	NA	NA
NA	NA	NA	NA	NA	NA	NA
NA	NA	NA	NA	NA	NA	NA
NA	NA	NA	NA	NA	NA	NA
NA	NA	NA	NA	NA	NA	NA
NA	NA	NA	NA	NA	NA	NA
NA	NA	NA	NA	NA	NA	NA
NA	NA	NA	NA	NA	NA	NA
NA	NA	NA	NA	NA	NA	NA
NA	NA	NA	NA	NA	NA	NA
NA	NA	NA	NA	NA	NA	NA
NA	NA	NA	NA	NA	NA	NA
NA	NA	NA	NA	NA	NA	NA
NA	NA	NA	NA	NA	NA	NA
NA	NA	NA	NA	NA	NA	NA
NA	NA	NA	NA	NA	NA	NA
NA	NA	NA	NA	NA	NA	NA
NA	NA	NA	NA	NA	NA	NA
NA	NA	NA	NA	NA	NA	NA
NA	NA	NA	NA	NA	NA	NA
NA	NA	NA	NA	NA	NA	NA
NA	NA	NA	NA	NA	NA	NA
NA	NA	NA	NA	NA	NA	NA
NA	NA	NA	NA	NA	NA	NA
NA	NA	NA	NA	NA	NA	NA
NA	NA	NA	NA	NA	NA	NA
NA	NA	NA	NA	NA	NA	NA
NA	NA	NA	NA	NA	NA	NA
NA	NA	NA	NA	NA	NA	NA
NA	NA	NA	NA	NA	NA	NA
NA	NA	NA	NA	NA	NA	NA
NA	NA	NA	NA	NA	NA	NA
NA	NA	NA	NA	NA	NA	NA
NA	NA	NA	NA	NA	NA	NA
NA	NA	NA	NA	NA	NA	NA
NA	NA	NA	NA	NA	NA	NA
NA	NA	NA	NA	NA	NA	NA
NA	NA	NA	NA	NA	NA	NA
NA	NA	NA	NA	NA	NA	NA
NA	NA	NA	NA	NA	NA	NA
NA	NA	NA	NA	NA	NA	NA
NA	NA	NA	NA	NA	NA	NA
NA	NA	NA	NA	NA	NA	NA
NA	NA	NA	NA	NA	NA	NA
NA	NA	NA	NA	NA	NA	NA
NA	NA	NA	NA	NA	NA	NA
NA	NA	NA	NA	NA	NA	NA
NA	NA	NA	NA	NA	NA	NA
NA	NA	NA	NA	NA	NA	NA
NA	NA	NA	NA	NA	NA	NA
NA	NA	NA	NA	NA	NA	NA
NA	NA	NA	NA	NA	NA	NA
NA	NA	NA	NA	NA	NA	NA
NA	NA	NA	NA	NA	NA	NA
NA	NA	NA	NA	NA	NA	NA
NA	NA	NA	NA	NA	NA	NA
NA	NA	NA	NA	NA	NA	NA
NA	NA	NA	NA	NA	NA	NA
NA	NA	NA	NA	NA	NA	NA
NA	NA	NA	NA	NA	NA	NA
NA	NA	NA	NA	NA	NA	NA
NA	NA	NA	NA	NA	NA	NA
NA	NA	NA	NA	NA	NA	NA
NA	NA	NA	NA	NA	NA	NA
NA	NA	NA	NA	NA	NA	NA
NA	NA	NA	NA	NA	NA	NA
NA	NA	NA	NA	NA	NA	NA
NA	NA	NA	NA	NA	NA	NA
NA	NA	NA	NA	NA	NA	NA
NA	NA	NA	NA	NA	NA	NA
NA	NA	NA	NA	NA	NA	NA
NA	NA	NA	NA	NA	NA	NA
NA	NA	NA	NA	NA	NA	NA
NA	NA	NA	NA	NA	NA	NA
NA	NA	NA	NA	NA	NA	NA
NA	NA	NA	NA	NA	NA	NA
NA	NA	NA	NA	NA	NA	NA
NA	NA	NA	NA	NA	NA	NA
NA	NA	NA	NA	NA	NA	NA
NA	NA	NA	NA	NA	NA	NA
NA	NA	NA	NA	NA	NA	NA
NA	NA	NA	NA	NA	NA	NA
NA	NA	NA	NA	NA	NA	NA
NA	NA	NA	NA	NA	NA	NA
NA	NA	NA	NA	NA	NA	NA
NA	NA	NA	NA	NA	NA	NA
NA	NA	NA	NA	NA	NA	NA
NA	NA	NA	NA	NA	NA	NA
NA	NA	NA	NA	NA	NA	NA
NA	NA	NA	NA	NA	NA	NA
NA	NA	NA	NA	NA	NA	NA
NA	NA	NA	NA	NA	NA	NA
NA	NA	NA	NA	NA	NA	NA
NA	NA	NA	NA	NA	NA	NA
NA	NA	NA	NA	NA	NA	NA
NA	NA	NA	NA	NA	NA	NA
NA	NA	NA	NA	NA	NA	NA
NA	NA	NA	NA	NA	NA	NA
NA	NA	NA	NA	NA	NA	NA
NA	NA	NA	NA	NA	NA	NA
NA	NA	NA	NA	NA	NA	NA
NA	NA	NA	NA	NA	NA	NA
NA	NA	NA	NA	NA	NA	NA
NA	NA	NA	NA	NA	NA	NA
NA	NA	NA	NA	NA	NA	NA
NA	NA	NA	NA	NA	NA	NA
NA	NA	NA	NA	NA	NA	NA
NA	NA	NA	NA	NA	NA	NA
NA	NA	NA	NA	NA	NA	NA
NA	NA	NA	NA	NA	NA	NA
NA	NA	NA	NA	NA	NA	NA
NA	NA	NA	NA	NA	NA	NA
NA	NA	NA	NA	NA	NA	NA
NA	NA	NA	NA	NA	NA	NA
NA	NA	NA	NA	NA	NA	NA
NA	NA	NA	NA	NA	NA	NA
NA	NA	NA	NA	NA	NA	NA
NA	NA	NA	NA	NA	NA	NA
NA	NA	NA	NA	NA	NA	NA
NA	NA	NA	NA	NA	NA	NA
NA	NA	NA	NA	NA	NA	NA
NA	NA	NA	NA	NA	NA	NA
NA	NA	NA	NA	NA	NA	NA
NA	NA	NA	NA	NA	NA	NA
NA	NA	NA	NA	NA	NA	NA
NA	NA	NA	NA	NA	NA	NA
NA	NA	NA	NA	NA	NA	NA
NA	NA	NA	NA	NA	NA	NA
NA	NA	NA	NA	NA	NA	NA
NA	NA	NA	NA	NA	NA	NA
NA	NA	NA	NA	NA	NA	NA
NA	NA	NA	NA	NA	NA	NA
NA	NA	NA	NA	NA	NA	NA
NA	NA	NA	NA	NA	NA	NA
NA	NA	NA	NA	NA	NA	NA
NA	NA	NA	NA	NA	NA	NA
NA	NA	NA	NA	NA	NA	NA
NA	NA	NA	NA	NA	NA	NA
NA	NA	NA	NA	NA	NA	NA
NA	NA	NA	NA	NA	NA	NA
NA	NA	NA	NA	NA	NA	NA
NA	NA	NA	NA	NA	NA	NA
NA	NA	NA	NA	NA	NA	NA
NA	NA	NA	NA	NA	NA	NA
NA	NA	NA	NA	NA	NA	NA
NA	NA	NA	NA	NA	NA	NA
NA	NA	NA	NA	NA	NA	NA
NA	NA	NA	NA	NA	NA	NA
NA	NA	NA	NA	NA	NA	NA
NA	NA	NA	NA	NA	NA	NA
NA	NA	NA	NA	NA	NA	NA
NA	NA	NA	NA	NA	NA	NA
NA	NA	NA	NA	NA	NA	NA
NA	NA	NA	NA	NA	NA	NA
NA	NA	NA	NA	NA	NA	NA
NA	NA	NA	NA	NA	NA	NA
NA	NA	NA	NA	NA	NA	NA
NA	NA	NA	NA	NA	NA	NA
NA	NA	NA	NA	NA	NA	NA
NA	NA	NA	NA	NA	NA	NA
sub-151	3	0	0.01718	1	1	0
sub-151	6	0	1.06884	1	1	1
sub-151	7	1	0.39035	1	1	1
sub-151	9	1	0.0303800000000001	1	1	1
sub-151	9	1	0.01997	1	1	1
sub-151	9	1	0.0257799999999999	1	1	1
sub-151	4	0	0.11543	1	1	1
sub-151	8	1	0.17127	1	1	1
sub-151	7	1	0.30586	1	1	0
sub-151	3	0	0.12097	0	0	0
sub-151	1	0	0.02738	0	0	0
sub-151	2	0	0.03348	0	0	0
sub-151	7	1	0.02362	0	0	0
sub-151	5	0	0.09657	0	0	0
sub-151	2	0	0.0198799999999999	0	0	0
sub-151	2	0	0.0255799999999999	0	0	0
sub-151	2	0	0.0260800000000001	1	0	0
sub-151	6	1	0.29265	0	0	0
sub-151	3	0	0.0323800000000001	0	0	0
sub-151	8	1	0.20619	0	0	0
sub-151	3	0	0.0284500000000001	0	0	0
sub-151	3	0	0.0346599999999999	0	0	0
sub-151	1	0	0.02342	0	0	0
sub-151	2	0	0.0295799999999999	0	0	0
sub-151	5	0	0.0647200000000001	1	1	0
sub-151	10	1	0.52841	1	0	1
sub-151	6	1	1.00174	1	0	1
sub-151	8	1	0.0254399999999999	1	0	1
sub-151	3	0	0.0316399999999999	1	0	1
sub-151	10	1	0.0218100000000001	1	0	1
sub-151	8	1	0.27808	1	0	1
sub-151	9	1	0.03311	1	0	1
sub-151	9	1	0.02382	1	0	1
sub-151	7	1	0.40447	0	0	1
sub-151	8	1	0.0613300000000001	0	0	1
sub-151	9	1	0.01695	0	0	1
sub-151	4	0	0.0239799999999999	0	0	1
sub-151	8	1	0.0297400000000001	0	0	1
sub-151	8	1	0.0193000000000001	0	0	1
sub-151	10	1	0.02484	0	0	1
sub-151	6	1	0.18089	0	0	1
sub-151	5	0	0.14218	1	1	1
sub-151	2	0	0.0320100000000001	1	1	1
sub-151	8	1	0.12382	1	1	1
sub-151	7	1	0.02956	1	1	1
sub-151	10	1	0.0192300000000001	1	1	1
sub-151	7	1	0.0246	1	1	1
sub-151	7	1	0.0306299999999999	1	1	1
sub-151	10	1	0.0207599999999999	1	1	1
sub-153	4	0	0.1986	0	0	0
sub-153	4	0	0.75524	0	0	0
sub-153	4	1	1.41177	0	0	0
sub-153	8	1	0.51727	0	0	0
sub-153	3	0	0.39044	0	0	0
sub-153	2	0	0.37977	0	0	0
sub-153	2	0	0.38532	0	0	0
sub-153	3	1	0.53394	1	0	0
sub-153	8	1	0.34907	1	0	1
sub-153	8	1	0.35485	1	0	1
sub-153	8	1	0.0269200000000001	1	0	1
sub-153	7	1	0.45005	1	0	1
sub-153	1	0	0.35579	1	0	1
sub-153	8	1	0.29519	1	0	1
sub-153	10	1	0.57512	1	1	1
sub-153	9	1	0.0805	1	1	1
sub-153	10	1	0.0205500000000001	1	1	1
sub-153	9	1	0.39374	1	1	1
sub-153	8	1	0.2546	1	0	1
sub-153	9	1	0.02674	1	0	1
sub-153	7	1	0.35123	1	0	1
sub-153	10	1	0.02302	1	0	1
sub-153	4	1	0.46312	1	0	1
sub-153	5	1	0.10204	1	0	1
sub-153	7	1	0.0242199999999999	1	0	1
sub-153	10	1	0.03026	1	0	1
sub-153	8	1	0.09213	1	1	1
sub-153	7	1	0.0318499999999999	1	1	1
sub-153	3	0	0.02885	0	0	1
sub-153	7	1	0.0183599999999999	0	0	1
sub-153	10	1	0.02414	0	0	1
sub-153	9	1	0.88093	0	0	1
sub-153	7	1	0.01928	0	0	1
sub-153	10	1	0.0251399999999999	0	0	1
sub-153	2	0	0.31765	0	0	0
sub-153	1	0	0.0239799999999999	0	0	0
sub-153	2	0	0.0300100000000001	0	0	0
sub-153	5	1	0.01912	0	0	0
sub-153	3	0	0.02525	0	0	0
sub-153	3	0	0.36483	0	0	0
sub-153	3	0	0.3706	0	0	0
sub-153	4	0	0.0244500000000001	1	0	0
sub-153	2	0	0.0301400000000001	1	0	0
sub-153	3	0	0.01956	1	0	0
sub-154	2	1	1.61468	1	1	0
sub-154	5	1	1.9879	1	1	0
sub-154	2	0	0.40908	1	1	0
sub-154	4	0	0.56518	1	1	0
sub-154	8	0	0.62113	1	1	0
sub-154	9	1	0.32486	0	0	1
sub-154	7	0	0.0306	0	0	1
sub-154	1	0	0.14676	0	0	0
sub-154	1	0	0.0191399999999999	0	0	0
sub-154	5	0	0.0586199999999999	0	0	0
sub-154	2	0	0.0645	0	0	0
sub-154	4	0	0.02115	0	0	0
sub-154	2	0	0.0272600000000001	0	0	0
sub-154	3	0	0.03057	1	1	1
sub-154	7	0	0.01949	1	1	1
sub-154	2	0	0.0405199999999999	0	0	1
sub-154	6	0	0.02938	0	0	1
sub-154	8	0	0.0187299999999999	0	0	1
sub-154	10	1	0.0244599999999999	0	0	1
sub-154	8	1	0.0305500000000001	0	0	1
sub-154	9	1	0.1369	0	0	1
sub-154	4	0	0.03016	1	0	0
sub-154	3	0	0.04545	1	1	0
sub-154	1	0	0.01983	1	1	0
sub-154	5	0	0.02569	1	1	0
sub-154	2	0	0.0317799999999999	1	1	0
sub-154	1	0	0.02189	1	1	0
sub-154	8	1	0.59534	1	1	0
sub-154	2	0	0.0182800000000001	1	1	0
sub-154	8	0	0.02346	1	0	1
sub-154	7	0	0.02938	1	0	1
sub-154	9	1	0.97862	1	1	1
sub-154	6	0	0.0849899999999999	1	1	1
sub-154	8	1	0.55808	1	1	1
sub-154	7	0	0.0298400000000001	1	1	1
sub-154	9	1	0.30303	1	1	1
sub-154	7	0	0.0251300000000001	1	1	1
sub-154	1	0	0.37995	1	0	0
sub-154	5	0	0.8928	0	0	1
sub-154	7	0	0.60012	0	0	1
sub-154	9	1	0.38906	0	0	1
sub-154	9	1	0.56177	0	0	1
sub-154	1	0	0.5848	0	0	1
sub-154	8	0	0.54021	0	0	1
sub-154	9	1	0.83575	0	0	1
sub-154	6	0	0.91655	0	0	0
sub-154	7	0	0.52218	0	0	0
sub-154	3	0	0.57829	0	0	0
sub-154	1	0	0.385	0	0	0
sub-154	4	0	0.55763	0	0	0
sub-154	1	0	0.56371	0	0	0
sub-154	8	0	0.52199	1	1	1
sub-155	2	0	0.70683	0	0	0
sub-155	1	0	1.41357	0	0	0
sub-155	3	0	0.36855	0	0	0
sub-155	10	1	0.77443	0	0	0
sub-155	5	0	0.46368	0	0	0
sub-155	2	0	0.63637	0	0	0
sub-155	9	0	0.75092	0	0	1
sub-155	10	1	0.45752	0	0	1
sub-155	1	0	0.46066	1	0	0
sub-155	5	0	0.2252	1	1	1
sub-155	9	0	0.31417	1	1	1
sub-155	7	0	0.33772	1	1	1
sub-155	10	1	0.46062	1	1	1
sub-155	7	0	0.31637	1	1	1
sub-155	6	0	0.54618	1	0	1
sub-155	8	0	0.271	1	0	1
sub-155	7	0	0.44321	1	0	1
sub-155	5	0	0.29174	1	1	0
sub-155	1	0	0.44771	1	1	0
sub-155	4	0	0.45332	1	1	0
sub-155	2	0	0.39385	1	1	0
sub-155	3	0	0.28304	1	1	0
sub-155	6	0	0.42891	0	0	0
sub-155	3	0	0.35265	0	0	0
sub-155	3	0	0.39159	0	0	0
sub-155	7	0	0.37216	1	0	1
sub-155	10	1	0.41177	1	0	1
sub-155	7	0	0.53436	1	0	1
sub-155	9	0	0.30667	1	0	1
sub-155	1	0	0.42947	1	0	1
sub-155	4	0	0.62387	1	1	1
sub-155	10	1	0.38162	1	1	1
sub-155	8	0	0.32099	1	1	1
sub-155	8	0	0.39548	1	1	1
sub-155	9	0	0.55144	1	1	1
sub-155	9	0	0.357	1	1	1
sub-155	8	0	0.46316	1	1	1
sub-155	1	0	0.43548	1	1	1
sub-155	10	1	0.98127	0	0	0
sub-155	3	0	0.35436	0	0	0
sub-155	3	0	0.32684	0	0	0
sub-155	6	0	0.44024	1	0	1
sub-155	7	0	0.0459	1	0	1
sub-155	7	0	0.0182199999999999	1	0	1
sub-155	8	0	0.0241100000000001	1	0	1
sub-155	8	0	0.02997	1	0	1
sub-155	4	0	0.0291699999999999	1	0	0
sub-155	3	0	0.05179	1	0	0
sub-155	1	0	0.0240800000000001	1	0	0
sub-157	5	1	0.40539	1	0	0
sub-157	3	1	1.19519	1	0	0
sub-157	1	0	0.10713	1	0	0
sub-157	9	1	0.43009	1	0	0
sub-157	3	1	0.90288	1	0	0
sub-157	5	1	1.28331	1	1	1
sub-157	7	1	0.3908	1	1	1
sub-157	10	1	0.41599	1	1	1
sub-157	6	1	0.33715	1	0	0
sub-157	3	1	0.44322	1	0	0
sub-157	2	0	1.74996	1	0	0
sub-157	2	0	0.32228	1	0	0
sub-157	9	1	0.35046	0	0	1
sub-157	7	1	0.33999	0	0	1
sub-157	5	1	0.35612	1	0	1
sub-157	9	1	0.39535	1	0	1
sub-157	10	1	0.3177	1	0	1
sub-157	7	1	0.35713	1	0	1
sub-157	2	0	0.59681	1	0	1
sub-157	7	1	0.33563	1	0	1
sub-157	3	0	0.7659	1	1	0
sub-157	4	1	0.02257	1	1	0
sub-157	10	1	0.02298	1	1	1
sub-157	7	1	0.0286599999999999	1	1	1
sub-157	8	1	0.01817	1	1	1
sub-157	10	1	0.0239799999999999	1	1	1
sub-157	8	1	0.0202100000000001	1	0	1
sub-157	5	1	0.30803	0	0	0
sub-157	10	1	0.03067	0	0	0
sub-157	2	1	0.01976	0	0	0
sub-157	4	1	0.42612	0	0	0
sub-157	3	0	0.5073	1	1	1
sub-157	4	1	0.3367	0	0	1
sub-157	10	1	0.0253699999999999	0	0	1
sub-157	6	1	0.38206	0	0	1
sub-157	9	1	0.35464	0	0	1
sub-157	7	1	0.02623	0	0	1
sub-157	8	1	0.03291	0	0	1
sub-157	10	1	0.05654	0	0	1
sub-157	5	1	0.0186	0	0	0
sub-157	3	0	0.49176	0	0	0
sub-157	2	0	0.29751	0	0	0
sub-157	1	0	0.33589	1	1	0
sub-157	4	1	0.59329	1	1	0
sub-157	3	0	0.31658	1	1	0
sub-157	7	1	0.4394	1	1	0
sub-157	6	1	0.24618	1	1	0
sub-157	4	1	0.61917	1	1	0
sub-157	1	0	0.27466	1	1	0
sub-157	6	1	0.50961	1	0	1
sub-158	8	1	0.60914	1	0	1
sub-158	10	1	0.39934	1	0	1
sub-158	6	0	0.25515	1	0	1
sub-158	4	0	0.94494	1	0	1
sub-158	8	1	0.41712	1	0	1
sub-158	1	0	0.68142	0	0	0
sub-158	4	0	0.45341	0	0	0
sub-158	1	0	0.161	0	0	0
sub-158	7	0	1.46456	1	1	1
sub-158	5	0	0.33618	1	1	1
sub-158	10	1	0.02474	1	1	1
sub-158	2	0	0.68153	1	1	1
sub-158	7	1	0.771	1	1	1
sub-158	2	0	0.25383	1	1	0
sub-158	2	0	0.56029	1	1	0
sub-158	1	0	0.0995600000000001	1	1	0
sub-158	9	1	0.88883	1	1	1
sub-158	10	1	0.34418	1	1	1
sub-158	8	1	0.64297	1	1	1
sub-158	9	1	0.38054	1	1	1
sub-158	8	1	0.92076	1	1	1
sub-158	9	1	0.51489	0	0	1
sub-158	3	0	1.12329	0	0	1
sub-158	8	1	0.5954	0	0	1
sub-158	5	0	0.12408	0	0	1
sub-158	1	0	1.18129	0	0	0
sub-158	1	0	0.88676	0	0	0
sub-158	2	0	0.72599	0	0	0
sub-158	1	0	0.53191	0	0	0
sub-158	5	0	0.55556	0	0	0
sub-158	8	1	0.24437	0	0	0
sub-158	1	0	0.02311	1	0	0
sub-158	10	1	0.39625	1	0	0
sub-158	8	1	0.43391	1	0	1
sub-158	10	1	0.55661	1	0	1
sub-158	9	1	0.54565	1	0	1
sub-158	8	1	0.70181	1	0	1
sub-158	7	1	0.60747	1	0	1
sub-158	1	0	0.22035	1	1	0
sub-158	9	1	0.46187	1	1	0
sub-158	4	0	0.56886	1	1	0
sub-158	5	0	0.64789	0	0	0
sub-158	3	1	0.30369	0	0	0
sub-158	1	0	0.02573	0	0	0
sub-158	2	0	0.44892	0	0	0
sub-158	2	0	0.40497	0	0	0
sub-158	8	1	0.56079	0	0	0
sub-159	5	1	1.674	1	1	0
sub-159	1	0	1.23125	1	1	0
sub-159	4	0	0.25324	0	0	1
sub-159	6	0	0.30914	0	0	1
sub-159	9	1	0.36498	0	0	1
sub-159	8	1	0.57119	0	0	1
sub-159	9	1	0.19284	0	0	1
sub-159	9	1	0.0491600000000001	0	0	1
sub-159	6	0	0.29792	1	1	1
sub-159	9	1	0.27156	1	1	1
sub-159	4	0	0.02545	1	0	0
sub-159	1	0	0.29841	1	0	0
sub-159	4	0	0.25526	1	0	0
sub-159	3	0	0.1443	1	0	0
sub-159	9	1	0.45037	1	0	0
sub-159	8	0	0.54604	1	0	1
sub-159	5	0	0.30198	1	0	1
sub-159	4	0	0.22465	1	0	1
sub-159	4	0	0.06322	1	0	0
sub-159	5	0	0.0534699999999999	1	0	0
sub-159	2	0	0.0255399999999999	1	0	0
sub-159	2	0	0.03186	1	0	0
sub-159	4	0	0.27261	1	0	0
sub-159	2	0	0.07816	1	0	0
sub-159	3	0	0.16009	0	0	0
sub-159	2	0	0.0327	0	0	0
sub-159	7	0	0.21475	1	1	1
sub-159	7	0	0.0204200000000001	1	1	1
sub-159	6	0	0.0260100000000001	1	1	1
sub-159	7	0	0.2659	1	1	1
sub-159	10	1	0.18936	1	1	1
sub-159	8	0	0.21299	1	1	1
sub-159	8	0	0.25886	0	0	1
sub-159	8	0	0.0316099999999999	0	0	1
sub-159	10	1	0.02511	1	1	1
sub-159	7	1	0.0307200000000001	1	1	1
sub-159	9	1	0.0215700000000001	1	1	1
sub-159	2	0	0.02736	1	1	1
sub-159	9	1	0.10044	1	1	1
sub-159	5	0	0.08958	1	1	1
sub-159	2	0	0.01902	1	0	1
sub-159	5	0	0.02542	1	0	1
sub-159	5	0	0.36965	0	0	1
sub-159	10	1	0.14283	0	0	1
sub-159	7	1	0.24974	0	0	1
sub-159	9	1	0.02308	0	0	1
sub-159	8	1	0.22976	0	0	1
sub-159	7	1	0.3021	0	0	1
sub-159	3	0	0.39153	0	0	1
sub-159	8	1	0.13168	0	0	1
sub-159	3	0	0.13239	1	1	0
sub-159	4	0	0.5053	1	1	0
sub-159	4	0	0.41115	1	1	0
sub-159	4	1	0.68411	1	1	0
sub-159	7	1	0.25593	1	1	0
