subjID	offer	accept	response_time	human	ingroup	block_fair
sub-106	3	0	2.067450	1	0	0
sub-106	2	0	1.560930	1	0	0
sub-106	4	0	1.420440	1	0	0
sub-106	2	0	1.544130	1	0	0
sub-106	4	0	1.494000	1	0	0
sub-106	6	1	1.785940	1	0	0
sub-106	4	0	1.258120	1	0	0
sub-106	10	1	1.341660	1	0	0
sub-106	7	1	1.536210	1	0	1
sub-106	5	0	1.410460	1	0	1
sub-106	10	1	1.020330	1	0	1
sub-106	10	1	1.379830	1	0	1
sub-106	8	1	1.204900	1	0	1
sub-106	3	0	1.019450	1	0	1
sub-106	10	1	1.027850	1	0	1
sub-106	10	1	1.255030	1	0	1
sub-106	8	1	1.393470	1	0	1
sub-106	9	1	1.364930	1	0	1
sub-106	7	1	1.985300	1	0	1
sub-106	8	1	1.246610	1	0	1
sub-106	2	0	1.028500	1	0	1
sub-106	5	0	1.056620	1	0	1
sub-106	9	1	1.240850	1	0	1
sub-106	9	1	1.023540	1	0	1
sub-106	3	0	1.378310	1	0	0
sub-106	4	0	1.386360	1	0	0
sub-106	5	0	1.024720	1	0	0
sub-106	9	1	1.261250	1	0	0
sub-106	2	0	1.288870	1	0	0
sub-106	1	0	1.025380	1	0	0
sub-106	1	0	1.020580	1	0	0
sub-106	1	0	1.028020	1	0	0
sub-106	10	1	1.727290	1	0	1
sub-106	7	1	1.383260	1	0	1
sub-106	9	1	1.021210	1	0	1
sub-106	9	1	1.263000	1	0	1
sub-106	3	0	1.238280	1	0	1
sub-106	8	0	1.019030	1	0	1
sub-106	5	0	1.361700	1	0	1
sub-106	7	1	1.094820	1	0	1
sub-106	4	0	1.373650	1	0	0
sub-106	1	0	1.315890	1	0	0
sub-106	9	1	1.306550	1	0	0
sub-106	2	0	1.387570	1	0	0
sub-106	1	0	1.049980	1	0	0
sub-106	5	0	1.752990	1	0	0
sub-106	4	0	1.400820	1	0	0
sub-106	3	0	1.032330	1	0	0
sub-109	5	1	2.605340	1	0	1
sub-109	10	1	1.383560	1	0	1
sub-109	8	1	2.018990	1	0	1
sub-109	10	1	1.717020	1	0	1
sub-109	8	1	1.605080	1	0	1
sub-109	10	1	1.764760	1	0	1
sub-109	2	1	2.340710	1	0	1
sub-109	8	1	1.880800	1	0	1
sub-109	6	1	2.040180	1	0	0
sub-109	3	1	2.866380	1	0	0
sub-109	1	0	2.782650	1	0	0
sub-109	2	1	1.998550	1	0	0
sub-109	8	1	1.776170	1	0	0
sub-109	2	1	1.473030	1	0	0
sub-109	3	1	1.510620	1	0	0
sub-109	2	1	2.312590	1	0	1
sub-109	8	1	2.036260	1	0	1
sub-109	6	1	1.765730	1	0	1
sub-109	10	1	1.933010	1	0	1
sub-109	7	1	1.253970	1	0	1
sub-109	9	1	1.406470	1	0	1
sub-109	10	1	2.060980	1	0	1
sub-109	3	1	2.563510	1	0	0
sub-109	4	1	1.702830	1	0	0
sub-109	7	1	1.343560	1	0	0
sub-109	3	1	2.856330	1	0	0
sub-109	2	1	1.382460	1	0	0
sub-109	4	1	2.515820	1	0	0
sub-109	2	1	1.366190	1	0	0
sub-109	7	1	2.580410	1	0	1
sub-109	7	1	1.397740	1	0	1
sub-109	1	0	1.275850	1	0	1
sub-109	8	1	1.377220	1	0	1
sub-109	7	1	2.810490	1	0	1
sub-109	10	1	1.432270	1	0	1
sub-109	7	1	1.308620	1	0	1
sub-109	6	1	1.065660	1	0	1
sub-109	2	1	1.497920	1	0	0
sub-109	1	0	1.035170	1	0	0
sub-109	4	1	1.673930	1	0	0
sub-109	3	1	2.357900	1	0	0
sub-109	3	1	1.288380	1	0	0
sub-109	9	1	1.489470	1	0	0
sub-104	8	1	1.297310	1	0	1
sub-104	7	1	1.728010	1	0	1
sub-104	9	1	1.657320	1	0	1
sub-104	2	1	1.637250	1	0	1
sub-104	7	1	1.433270	1	0	1
sub-104	6	1	1.696890	1	0	1
sub-104	7	1	1.410590	1	0	1
sub-104	7	1	1.306980	1	0	1
sub-104	7	1	1.295190	1	0	0
sub-104	3	1	1.359890	1	0	0
sub-104	3	1	1.322310	1	0	0
sub-104	4	1	1.320220	1	0	0
sub-104	1	1	1.300580	1	0	0
sub-104	4	1	1.397560	1	0	0
sub-104	5	1	1.327210	1	0	0
sub-104	4	1	1.506240	1	0	0
sub-104	2	1	1.322420	1	0	1
sub-104	7	1	1.267840	1	0	1
sub-104	10	1	1.314970	1	0	1
sub-104	7	1	1.311250	1	0	1
sub-104	5	1	1.273700	1	0	1
sub-104	8	1	1.335790	1	0	1
sub-104	8	1	1.331550	1	0	1
sub-104	10	1	1.244130	1	0	1
sub-104	4	1	1.518410	1	0	0
sub-104	3	1	1.297390	1	0	0
sub-104	6	1	1.026570	1	0	0
sub-104	4	1	1.340860	1	0	0
sub-104	9	1	1.353850	1	0	0
sub-104	4	1	1.333850	1	0	0
sub-104	1	1	1.364380	1	0	0
sub-104	3	1	1.310450	1	0	0
sub-104	7	1	1.363350	1	0	1
sub-104	7	1	1.376590	1	0	1
sub-104	4	1	1.405670	1	0	1
sub-104	10	1	1.501020	1	0	1
sub-104	5	1	1.329990	1	0	1
sub-104	8	1	1.308840	1	0	1
sub-104	8	1	1.472560	1	0	1
sub-104	9	1	1.334200	1	0	1
sub-104	2	1	1.351170	1	0	0
sub-104	6	1	1.398110	1	0	0
sub-104	2	1	1.362530	1	0	0
sub-104	2	1	1.325850	1	0	0
sub-104	2	1	1.320560	1	0	0
sub-104	2	1	1.319110	1	0	0
sub-104	4	1	1.462870	1	0	0
sub-104	10	1	1.309770	1	0	0
sub-110	3	0	1.186540	1	0	0
sub-110	5	1	1.028120	1	0	0
sub-110	9	1	1.016950	1	0	0
sub-110	2	0	1.023830	1	0	0
sub-110	1	0	1.030950	1	0	0
sub-110	2	1	1.017340	1	0	0
sub-110	1	0	1.021180	1	0	0
sub-110	3	0	1.030610	1	0	0
sub-110	10	1	1.032340	1	0	1
sub-110	3	0	1.022350	1	0	1
sub-110	9	1	1.031510	1	0	1
sub-110	9	1	1.022340	1	0	1
sub-110	7	1	1.026860	1	0	1
sub-110	9	1	1.032260	1	0	1
sub-110	6	1	1.021870	1	0	1
sub-110	9	1	1.028890	1	0	1
sub-110	5	1	1.064620	1	0	1
sub-110	7	1	1.022140	1	0	1
sub-110	9	1	1.029750	1	0	1
sub-110	7	1	1.018350	1	0	1
sub-110	9	1	1.024970	1	0	1
sub-110	10	1	1.032900	1	0	1
sub-110	2	0	1.020870	1	0	1
sub-110	10	1	1.027670	1	0	1
sub-110	6	1	1.062740	1	0	0
sub-110	2	0	1.021430	1	0	0
sub-110	7	1	1.028130	1	0	0
sub-110	1	0	1.033420	1	0	0
sub-110	3	0	1.023510	1	0	0
sub-110	1	0	1.028920	1	0	0
sub-110	4	1	1.020660	1	0	0
sub-110	3	1	1.027410	1	0	0
sub-110	3	1	1.018130	1	0	1
sub-110	7	1	1.026550	1	0	1
sub-110	7	1	1.032980	1	0	1
sub-110	7	1	1.023720	1	0	1
sub-110	10	1	1.030830	1	0	1
sub-110	5	0	1.020000	1	0	1
sub-110	8	1	1.027380	1	0	1
sub-110	9	1	1.030210	1	0	1
sub-110	2	1	1.045420	1	0	0
sub-110	4	1	1.019010	1	0	0
sub-110	3	0	1.028970	1	0	0
sub-110	2	0	1.033640	1	0	0
sub-110	2	0	1.019940	1	0	0
sub-110	10	1	1.027910	1	0	0
sub-110	6	1	1.033050	1	0	0
sub-110	2	0	1.024180	1	0	0
sub-105	2	0	2.625830	1	0	0
sub-105	2	0	2.244740	1	0	0
sub-105	2	0	2.497530	1	0	0
sub-105	6	1	1.618420	1	0	0
sub-105	9	1	1.480540	1	0	0
sub-105	4	1	1.555440	1	0	0
sub-105	2	0	1.473260	1	0	0
sub-105	2	0	1.531660	1	0	0
sub-105	9	1	1.790630	1	0	1
sub-105	7	1	1.637090	1	0	1
sub-105	4	1	1.801310	1	0	1
sub-105	7	1	1.519220	1	0	1
sub-105	8	1	1.473830	1	0	1
sub-105	8	1	1.464620	1	0	1
sub-105	9	1	1.472780	1	0	1
sub-105	5	1	1.878180	1	0	1
sub-105	9	1	2.034290	1	0	1
sub-105	4	1	1.584830	1	0	1
sub-105	10	1	1.458230	1	0	1
sub-105	5	1	2.118200	1	0	1
sub-105	9	1	1.450670	1	0	1
sub-105	10	1	1.494160	1	0	1
sub-105	8	1	1.496190	1	0	1
sub-105	9	1	1.434420	1	0	1
sub-105	1	0	1.521870	1	0	0
sub-105	5	1	1.775110	1	0	0
sub-105	8	1	1.419590	1	0	0
sub-105	2	0	1.519490	1	0	0
sub-105	4	0	2.801090	1	0	0
sub-105	2	1	2.992590	1	0	0
sub-105	1	0	1.419960	1	0	0
sub-105	2	0	1.371200	1	0	0
sub-105	9	1	1.712100	1	0	1
sub-105	3	1	1.936340	1	0	1
sub-105	10	1	1.468410	1	0	1
sub-105	7	1	1.429010	1	0	1
sub-105	10	1	1.462860	1	0	1
sub-105	9	1	1.443910	1	0	1
sub-105	5	1	1.580910	1	0	1
sub-105	7	1	1.448260	1	0	1
sub-105	8	1	1.728390	1	0	0
sub-105	4	1	1.975570	1	0	0
sub-105	1	0	1.414980	1	0	0
sub-105	3	1	2.233360	1	0	0
sub-105	1	0	1.597770	1	0	0
sub-105	4	1	2.187860	1	0	0
sub-105	4	1	1.960180	1	0	0
sub-105	5	1	1.489380	1	0	0
sub-108	7	1	1.496640	1	0	1
sub-108	10	1	1.387930	1	0	1
sub-108	10	1	1.373600	1	0	1
sub-108	9	1	1.405120	1	0	1
sub-108	6	1	1.489100	1	0	1
sub-108	1	0	1.471250	1	0	1
sub-108	10	1	1.370500	1	0	1
sub-108	10	1	1.437150	1	0	1
sub-108	3	0	1.029440	1	0	0
sub-108	4	0	1.029350	1	0	0
sub-108	4	0	1.030110	1	0	0
sub-108	6	0	1.028860	1	0	0
sub-108	4	0	1.027070	1	0	0
sub-108	4	1	1.025800	1	0	0
sub-108	9	1	1.030260	1	0	0
sub-108	4	0	1.025390	1	0	0
sub-108	2	0	1.017040	1	0	0
sub-108	2	0	1.025150	1	0	0
sub-108	1	0	1.025690	1	0	0
sub-108	4	0	1.023560	1	0	0
sub-108	10	1	1.022260	1	0	0
sub-108	6	1	1.022150	1	0	0
sub-108	1	0	1.027260	1	0	0
sub-108	3	0	1.019100	1	0	0
sub-108	8	1	1.029150	1	0	1
sub-108	9	1	1.028580	1	0	1
sub-108	9	1	1.028640	1	0	1
sub-108	10	1	1.029370	1	0	1
sub-108	8	1	1.023100	1	0	1
sub-108	10	1	1.028860	1	0	1
sub-108	4	0	1.028940	1	0	1
sub-108	6	1	1.025260	1	0	1
sub-108	8	1	1.018320	1	0	1
sub-108	6	1	1.030240	1	0	1
sub-108	7	1	1.021930	1	0	1
sub-108	7	1	1.021400	1	0	1
sub-108	10	1	1.021500	1	0	1
sub-108	7	1	1.021130	1	0	1
sub-108	7	1	1.020140	1	0	1
sub-108	1	0	1.018600	1	0	1
sub-108	3	0	1.022480	1	0	0
sub-108	8	1	1.022350	1	0	0
sub-108	4	0	1.020970	1	0	0
sub-108	1	0	1.018250	1	0	0
sub-108	4	0	1.024860	1	0	0
sub-108	4	0	1.017360	1	0	0
sub-108	1	0	1.032050	1	0	0
sub-108	5	1	1.031670	1	0	0
sub-107	9	1	2.171500	1	0	1
sub-107	9	1	2.081230	1	0	1
sub-107	10	1	1.855830	1	0	1
sub-107	6	0	1.394800	1	0	1
sub-107	9	1	1.552910	1	0	1
sub-107	3	0	1.374270	1	0	1
sub-107	8	1	1.799240	1	0	1
sub-107	8	1	1.794830	1	0	1
sub-107	4	0	1.903560	1	0	0
sub-107	2	0	1.473410	1	0	0
sub-107	4	0	2.499110	1	0	0
sub-107	2	0	1.287040	1	0	0
sub-107	1	0	1.278130	1	0	0
sub-107	8	1	1.316850	1	0	0
sub-107	4	0	1.606960	1	0	0
sub-107	5	0	1.380390	1	0	0
sub-107	2	0	1.351590	1	0	0
sub-107	2	0	1.308130	1	0	0
sub-107	4	1	1.615760	1	0	0
sub-107	9	1	1.253060	1	0	0
sub-107	1	0	1.439000	1	0	0
sub-107	5	1	2.382800	1	0	0
sub-107	2	0	1.170270	1	0	0
sub-107	3	0	1.305080	1	0	0
sub-107	10	1	1.349700	1	0	1
sub-107	7	1	1.982930	1	0	1
sub-107	10	1	1.163520	1	0	1
sub-107	5	1	1.876620	1	0	1
sub-107	7	1	1.613940	1	0	1
sub-107	9	1	1.297740	1	0	1
sub-107	7	1	1.777800	1	0	1
sub-107	2	0	1.827330	1	0	1
sub-107	8	1	1.099720	1	0	1
sub-107	5	0	1.255360	1	0	1
sub-107	10	1	1.082050	1	0	1
sub-107	10	1	1.288100	1	0	1
sub-107	8	0	1.462860	1	0	1
sub-107	9	1	1.501440	1	0	1
sub-107	8	1	1.292420	1	0	1
sub-107	6	0	1.694640	1	0	0
sub-107	4	0	1.032290	1	0	0
sub-107	3	0	1.189060	1	0	0
sub-107	9	1	1.293480	1	0	0
sub-107	3	0	1.033010	1	0	0
sub-107	1	0	1.499980	1	0	0
sub-107	1	0	1.028830	1	0	0
sub-107	3	0	1.317290	1	0	0
sub-111	6	0	2.673110	1	0	1
sub-111	9	1	1.408570	1	0	1
sub-111	7	1	1.063600	1	0	1
sub-111	7	1	1.052930	1	0	1
sub-111	7	1	1.229720	1	0	1
sub-111	9	1	1.203030	1	0	1
sub-111	1	0	1.267720	1	0	1
sub-111	2	0	1.454540	1	0	0
sub-111	3	0	1.031750	1	0	0
sub-111	2	0	1.033100	1	0	0
sub-111	3	1	1.207080	1	0	0
sub-111	2	0	1.030940	1	0	0
sub-111	6	1	1.030640	1	0	0
sub-111	2	0	1.030500	1	0	0
sub-111	8	1	1.304390	1	0	0
sub-111	5	1	2.332120	1	0	0
sub-111	1	0	1.024800	1	0	0
sub-111	8	1	1.025090	1	0	0
sub-111	1	0	1.033170	1	0	0
sub-111	2	0	1.025620	1	0	0
sub-111	1	0	1.031540	1	0	0
sub-111	3	1	1.018260	1	0	0
sub-111	2	0	1.710410	1	0	0
sub-111	4	1	2.019210	1	0	1
sub-111	10	1	1.024660	1	0	1
sub-111	7	1	1.029140	1	0	1
sub-111	7	1	1.021160	1	0	1
sub-111	7	1	1.058810	1	0	1
sub-111	7	1	1.017590	1	0	1
sub-111	5	1	1.726670	1	0	1
sub-111	8	1	1.031710	1	0	1
sub-111	10	1	1.022950	1	0	1
sub-111	9	1	1.031530	1	0	1
sub-111	5	1	1.033040	1	0	1
sub-111	4	1	1.029880	1	0	1
sub-111	8	1	1.021300	1	0	1
sub-111	7	1	1.026880	1	0	1
sub-111	7	1	1.017590	1	0	1
sub-111	8	1	1.017500	1	0	1
sub-111	3	1	2.137390	1	0	0
sub-111	3	1	1.022520	1	0	0
sub-111	3	1	1.030310	1	0	0
sub-111	1	0	1.138490	1	0	0
sub-111	10	1	1.029670	1	0	0
sub-111	3	1	1.017220	1	0	0
sub-111	5	1	1.025170	1	0	0
sub-111	1	1	1.218050	1	0	0
sub-112	4	1	2.115670	1	0	0
sub-112	3	1	1.605370	1	0	0
sub-112	3	1	1.929570	1	0	0
sub-112	6	1	2.085610	1	0	0
sub-112	8	1	1.824550	1	0	0
sub-112	4	1	1.797180	1	0	0
sub-112	3	1	1.587280	1	0	0
sub-112	1	0	1.343070	1	0	0
sub-112	1	0	1.428240	1	0	1
sub-112	7	1	1.517890	1	0	1
sub-112	7	1	1.442730	1	0	1
sub-112	10	1	1.498420	1	0	1
sub-112	10	1	1.921470	1	0	1
sub-112	5	1	1.661420	1	0	1
sub-112	7	1	1.433930	1	0	1
sub-112	8	1	1.790330	1	0	1
sub-112	8	1	1.464930	1	0	1
sub-112	7	1	1.488770	1	0	1
sub-112	7	1	1.723950	1	0	1
sub-112	3	0	1.429250	1	0	1
sub-112	6	1	1.451710	1	0	1
sub-112	8	1	1.390820	1	0	1
sub-112	7	1	1.581310	1	0	1
sub-112	10	1	1.337100	1	0	1
sub-112	4	1	1.599900	1	0	0
sub-112	2	0	1.338570	1	0	0
sub-112	9	1	1.361270	1	0	0
sub-112	4	1	1.785410	1	0	0
sub-112	6	1	1.924980	1	0	0
sub-112	1	0	1.330890	1	0	0
sub-112	3	0	1.955580	1	0	0
sub-112	4	1	1.411720	1	0	0
sub-112	7	1	1.483200	1	0	1
sub-112	7	1	1.074220	1	0	1
sub-112	9	1	1.413920	1	0	1
sub-112	8	1	1.386480	1	0	1
sub-112	9	1	1.459180	1	0	1
sub-112	2	0	1.415160	1	0	1
sub-112	5	1	1.620890	1	0	1
sub-112	9	1	1.593770	1	0	1
sub-112	1	0	1.381460	1	0	0
sub-112	8	1	1.152280	1	0	0
sub-112	4	1	1.608420	1	0	0
sub-112	6	1	1.614550	1	0	0
sub-112	3	0	1.320050	1	0	0
sub-112	4	1	1.592430	1	0	0
sub-112	3	0	1.365120	1	0	0
sub-112	4	1	1.688270	1	0	0
sub-113	3	0	1.704380	1	0	0
sub-113	7	1	1.611800	1	0	0
sub-113	2	0	1.419780	1	0	0
sub-113	6	1	1.909130	1	0	0
sub-113	4	0	1.581600	1	0	0
sub-113	4	0	1.520760	1	0	0
sub-113	1	0	1.460370	1	0	0
sub-113	1	0	1.482560	1	0	0
sub-113	5	1	1.966580	1	0	1
sub-113	8	1	1.890670	1	0	1
sub-113	10	1	1.647440	1	0	1
sub-113	4	0	1.419850	1	0	1
sub-113	10	1	1.642320	1	0	1
sub-113	9	1	1.499230	1	0	1
sub-113	10	1	1.455270	1	0	1
sub-113	7	1	2.496180	1	0	1
sub-113	9	1	1.748140	1	0	1
sub-113	10	1	1.472200	1	0	1
sub-113	8	1	1.495440	1	0	1
sub-113	8	1	1.418160	1	0	1
sub-113	5	1	1.840860	1	0	1
sub-113	9	1	1.413280	1	0	1
sub-113	7	1	1.469290	1	0	1
sub-113	4	0	1.426110	1	0	1
sub-113	10	1	1.630610	1	0	1
sub-113	9	1	1.586540	1	0	1
sub-113	10	1	1.378380	1	0	1
sub-113	9	1	1.417530	1	0	1
sub-113	6	1	1.156760	1	0	1
sub-113	3	0	1.396890	1	0	1
sub-113	8	1	1.619670	1	0	1
sub-113	8	1	1.608840	1	0	1
sub-113	4	0	1.559120	1	0	0
sub-113	5	0	1.348330	1	0	0
sub-113	3	0	1.354210	1	0	0
sub-113	1	0	1.360450	1	0	0
sub-113	8	1	1.450560	1	0	0
sub-113	1	0	1.556620	1	0	0
sub-113	3	0	1.679440	1	0	0
sub-113	3	0	1.735340	1	0	0
sub-113	8	1	1.050590	1	0	0
sub-113	4	0	1.390480	1	0	0
sub-113	3	0	1.565160	1	0	0
sub-113	3	0	1.454060	1	0	0
sub-113	2	0	1.444800	1	0	0
sub-113	1	0	1.483660	1	0	0
sub-113	6	1	2.073420	1	0	0
sub-113	1	0	1.562300	1	0	0
sub-115	8	1	1.679420	1	0	1
sub-115	1	0	2.135590	1	0	1
sub-115	8	1	1.660520	1	0	1
sub-115	7	1	2.166130	1	0	1
sub-115	8	1	1.573570	1	0	1
sub-115	9	1	1.461220	1	0	1
sub-115	5	1	1.484360	1	0	1
sub-115	7	0	1.525650	1	0	1
sub-115	1	1	1.573780	1	0	0
sub-115	1	1	1.532690	1	0	0
sub-115	1	1	1.905680	1	0	0
sub-115	1	1	2.244620	1	0	0
sub-115	1	0	1.468020	1	0	0
sub-115	4	0	1.556300	1	0	0
sub-115	5	1	1.497120	1	0	0
sub-115	10	1	1.718820	1	0	0
sub-115	10	1	1.563730	1	0	1
sub-115	3	0	1.805450	1	0	1
sub-115	9	1	1.478370	1	0	1
sub-115	7	0	1.902860	1	0	1
sub-115	8	1	1.426790	1	0	1
sub-115	9	1	1.561610	1	0	1
sub-115	8	1	1.486330	1	0	1
sub-115	6	0	1.424230	1	0	1
sub-115	4	0	1.807490	1	0	0
sub-115	3	1	1.382700	1	0	0
sub-115	7	0	1.440800	1	0	0
sub-115	4	0	1.613200	1	0	0
sub-115	5	1	1.449670	1	0	0
sub-115	2	0	1.457200	1	0	0
sub-115	3	1	1.546560	1	0	0
sub-115	3	1	1.403350	1	0	0
sub-115	4	0	1.403320	1	0	0
sub-115	3	1	1.431210	1	0	0
sub-115	1	1	1.622270	1	0	0
sub-115	3	1	1.427520	1	0	0
sub-115	5	1	1.401070	1	0	0
sub-115	1	1	1.490480	1	0	0
sub-115	10	1	1.530140	1	0	0
sub-115	3	1	1.403830	1	0	0
sub-115	7	0	1.428180	1	0	1
sub-115	8	1	1.535080	1	0	1
sub-115	6	0	1.593540	1	0	1
sub-115	2	0	1.614640	1	0	1
sub-115	7	0	1.455320	1	0	1
sub-115	7	0	1.411210	1	0	1
sub-115	8	1	1.499910	1	0	1
sub-115	9	1	1.508030	1	0	1
sub-116	6	1	1.046430	1	0	0
sub-116	3	0	2.177230	1	0	0
sub-116	1	0	1.493560	1	0	0
sub-116	9	1	1.544430	1	0	0
sub-116	3	0	1.560270	1	0	0
sub-116	3	0	1.438940	1	0	0
sub-116	2	0	1.366240	1	0	0
sub-116	10	1	1.372200	1	0	1
sub-116	7	1	1.320710	1	0	1
sub-116	4	0	1.288760	1	0	1
sub-116	6	0	1.423300	1	0	1
sub-116	8	1	1.304400	1	0	1
sub-116	8	1	1.288380	1	0	1
sub-116	7	1	1.289520	1	0	1
sub-116	10	1	1.323080	1	0	1
sub-116	2	0	1.332230	1	0	0
sub-116	4	0	1.311030	1	0	0
sub-116	7	1	1.309900	1	0	0
sub-116	3	0	1.341430	1	0	0
sub-116	6	0	1.621840	1	0	0
sub-116	2	0	1.306460	1	0	0
sub-116	2	0	1.322740	1	0	0
sub-116	2	0	1.337660	1	0	0
sub-116	9	1	1.451350	1	0	1
sub-116	8	1	1.299570	1	0	1
sub-116	8	1	1.351390	1	0	1
sub-116	6	0	1.336590	1	0	1
sub-116	9	1	1.265610	1	0	1
sub-116	3	0	1.283670	1	0	1
sub-116	9	1	1.349730	1	0	1
sub-116	7	1	1.383080	1	0	1
sub-116	2	0	1.347080	1	0	0
sub-116	1	0	1.028750	1	0	0
sub-116	10	1	1.344190	1	0	0
sub-116	1	0	1.325360	1	0	0
sub-116	1	0	1.358580	1	0	0
sub-116	6	0	1.337800	1	0	0
sub-116	1	0	1.332660	1	0	0
sub-116	4	0	1.502890	1	0	0
sub-116	9	1	1.422610	1	0	1
sub-116	5	0	1.404910	1	0	1
sub-116	8	1	1.303650	1	0	1
sub-116	8	1	1.337250	1	0	1
sub-116	7	1	1.332380	1	0	1
sub-116	10	1	1.343800	1	0	1
sub-116	9	1	1.326360	1	0	1
sub-116	3	0	1.409420	1	0	1
sub-117	3	1	1.934650	1	0	0
sub-117	2	1	1.470020	1	0	0
sub-117	4	1	1.414500	1	0	0
sub-117	8	1	1.428580	1	0	0
sub-117	2	0	1.695230	1	0	0
sub-117	5	1	1.358290	1	0	0
sub-117	4	1	1.491330	1	0	0
sub-117	2	1	1.393240	1	0	0
sub-117	8	1	1.442610	1	0	1
sub-117	6	1	1.025510	1	0	1
sub-117	7	1	1.423720	1	0	1
sub-117	7	1	1.290280	1	0	1
sub-117	3	1	1.371180	1	0	1
sub-117	8	1	1.336860	1	0	1
sub-117	8	1	1.386680	1	0	1
sub-117	9	1	1.337210	1	0	1
sub-117	2	1	1.597100	1	0	0
sub-117	1	0	1.549570	1	0	0
sub-117	1	0	1.335570	1	0	0
sub-117	1	0	1.352820	1	0	0
sub-117	1	0	2.000200	1	0	0
sub-117	6	1	1.317000	1	0	0
sub-117	10	1	1.434150	1	0	0
sub-117	3	1	1.385650	1	0	0
sub-117	7	1	1.655040	1	0	1
sub-117	9	1	1.376390	1	0	1
sub-117	7	1	1.296530	1	0	1
sub-117	8	1	1.329800	1	0	1
sub-117	10	1	1.282670	1	0	1
sub-117	1	0	1.334940	1	0	1
sub-117	9	1	1.417550	1	0	1
sub-117	5	1	1.334610	1	0	1
sub-117	7	1	1.605700	1	0	1
sub-117	8	1	1.853640	1	0	1
sub-117	8	1	1.601540	1	0	1
sub-117	9	1	1.368370	1	0	1
sub-117	3	1	1.220080	1	0	1
sub-117	6	1	1.021760	1	0	1
sub-117	9	1	1.390110	1	0	1
sub-117	10	1	1.375250	1	0	1
sub-117	10	1	1.377410	1	0	0
sub-117	4	1	1.342980	1	0	0
sub-117	3	1	1.293150	1	0	0
sub-117	3	1	1.295510	1	0	0
sub-117	2	1	1.342770	1	0	0
sub-117	4	1	1.273660	1	0	0
sub-117	5	1	1.340330	1	0	0
sub-117	2	1	1.407480	1	0	0
sub-118	10	1	1.804540	1	0	1
sub-118	7	1	1.439320	1	0	1
sub-118	8	1	1.295500	1	0	1
sub-118	10	1	1.025330	1	0	1
sub-118	5	0	1.512820	1	0	1
sub-118	9	1	1.467750	1	0	1
sub-118	2	0	1.323660	1	0	1
sub-118	9	1	1.024410	1	0	1
sub-118	5	1	1.362120	1	0	0
sub-118	3	0	1.521050	1	0	0
sub-118	3	0	1.353910	1	0	0
sub-118	9	1	1.359490	1	0	0
sub-118	3	0	1.436070	1	0	0
sub-118	3	0	1.460900	1	0	0
sub-118	4	0	1.336940	1	0	0
sub-118	1	0	1.294110	1	0	0
sub-118	3	0	1.647040	1	0	0
sub-118	4	0	1.224760	1	0	0
sub-118	10	1	1.244220	1	0	0
sub-118	6	1	1.360300	1	0	0
sub-118	3	0	1.314590	1	0	0
sub-118	3	1	1.024560	1	0	0
sub-118	4	0	1.516890	1	0	0
sub-118	3	0	1.335590	1	0	0
sub-118	1	0	1.351260	1	0	1
sub-118	6	1	1.380370	1	0	1
sub-118	10	1	1.304420	1	0	1
sub-118	8	1	1.344660	1	0	1
sub-118	9	1	1.415110	1	0	1
sub-118	9	1	1.287720	1	0	1
sub-118	7	1	1.515880	1	0	1
sub-118	10	1	1.451460	1	0	1
sub-118	4	1	1.354900	1	0	0
sub-118	1	1	1.357570	1	0	0
sub-118	9	1	1.310190	1	0	0
sub-118	1	1	1.335790	1	0	0
sub-118	3	1	1.393600	1	0	0
sub-118	5	1	1.581520	1	0	0
sub-118	4	1	1.366100	1	0	0
sub-118	3	1	1.557350	1	0	0
sub-118	10	1	1.299040	1	0	1
sub-118	7	1	1.121620	1	0	1
sub-118	7	1	1.021820	1	0	1
sub-118	10	0	1.030100	1	0	1
sub-118	4	1	1.019050	1	0	1
sub-118	7	1	1.024460	1	0	1
sub-118	8	1	1.032450	1	0	1
sub-118	5	0	1.024600	1	0	1
sub-120	3	0	1.056580	1	0	0
sub-120	6	0	1.297520	1	0	0
sub-120	1	0	1.020700	1	0	0
sub-120	4	0	1.026420	1	0	0
sub-120	1	0	1.032560	1	0	0
sub-120	7	1	1.239770	1	0	0
sub-120	4	0	1.028590	1	0	0
sub-120	4	0	1.351630	1	0	0
sub-120	5	1	1.263060	1	0	1
sub-120	2	0	1.386190	1	0	1
sub-120	9	1	1.576650	1	0	1
sub-120	9	1	1.732520	1	0	1
sub-120	10	1	1.121320	1	0	1
sub-120	8	1	1.026970	1	0	1
sub-120	7	1	1.032910	1	0	1
sub-120	10	1	1.023270	1	0	1
sub-120	9	1	1.243620	1	0	1
sub-120	10	1	1.266020	1	0	1
sub-120	8	1	1.023830	1	0	1
sub-120	4	0	1.029610	1	0	1
sub-120	6	0	1.018640	1	0	1
sub-120	8	1	1.024490	1	0	1
sub-120	7	1	1.030520	1	0	1
sub-120	8	1	1.019760	1	0	1
sub-120	2	0	1.026370	1	0	0
sub-120	1	0	1.167390	1	0	0
sub-120	6	1	1.022890	1	0	0
sub-120	2	0	1.028880	1	0	0
sub-120	1	0	1.401940	1	0	0
sub-120	10	1	1.241010	1	0	0
sub-120	4	0	1.029910	1	0	0
sub-120	4	0	1.019290	1	0	0
sub-120	9	1	1.248610	1	0	1
sub-120	9	1	1.020960	1	0	1
sub-120	8	1	1.060290	1	0	1
sub-120	10	1	1.032830	1	0	1
sub-120	2	0	1.123190	1	0	1
sub-120	6	1	1.346000	1	0	1
sub-120	9	1	1.085270	1	0	1
sub-120	7	1	1.024030	1	0	1
sub-120	2	0	1.026100	1	0	0
sub-120	3	0	1.484010	1	0	0
sub-120	1	0	1.022950	1	0	0
sub-120	5	0	1.028590	1	0	0
sub-120	2	0	1.318300	1	0	0
sub-120	1	0	1.023630	1	0	0
sub-120	8	1	1.029920	1	0	0
sub-120	2	0	1.018920	1	0	0
sub-121	1	0	1.276210	1	0	0
sub-121	3	1	1.607380	1	0	0
sub-121	3	1	1.356650	1	0	0
sub-121	4	0	1.874410	1	0	0
sub-121	5	1	1.355930	1	0	0
sub-121	10	1	1.322640	1	0	0
sub-121	3	0	1.520920	1	0	0
sub-121	1	0	1.371260	1	0	0
sub-121	9	1	1.312530	1	0	1
sub-121	10	1	1.433100	1	0	1
sub-121	1	0	1.209610	1	0	1
sub-121	10	1	1.226700	1	0	1
sub-121	10	1	1.313570	1	0	1
sub-121	6	1	1.410110	1	0	1
sub-121	7	1	1.411800	1	0	1
sub-121	9	1	1.345000	1	0	1
sub-121	1	0	1.594830	1	0	0
sub-121	2	0	1.271030	1	0	0
sub-121	9	1	1.145010	1	0	0
sub-121	2	0	1.262320	1	0	0
sub-121	2	0	1.025060	1	0	0
sub-121	3	0	1.474820	1	0	0
sub-121	5	1	1.288440	1	0	0
sub-121	4	1	1.318130	1	0	0
sub-121	4	1	1.323460	1	0	1
sub-121	10	1	1.338500	1	0	1
sub-121	8	1	1.287950	1	0	1
sub-121	9	1	1.319910	1	0	1
sub-121	9	1	1.304100	1	0	1
sub-121	8	1	1.120300	1	0	1
sub-121	10	1	1.320330	1	0	1
sub-121	5	1	1.336160	1	0	1
sub-121	9	1	1.422150	1	0	0
sub-121	6	1	1.288140	1	0	0
sub-121	4	1	1.466380	1	0	0
sub-121	2	0	1.217480	1	0	0
sub-121	2	0	1.409450	1	0	0
sub-121	2	0	1.311560	1	0	0
sub-121	1	0	1.646760	1	0	0
sub-121	3	0	1.343140	1	0	0
sub-121	1	0	1.197340	1	0	1
sub-121	5	1	1.213610	1	0	1
sub-121	8	1	1.033470	1	0	1
sub-121	8	1	1.031260	1	0	1
sub-121	10	1	1.027760	1	0	1
sub-121	7	1	1.329990	1	0	1
sub-121	8	1	1.376990	1	0	1
sub-121	8	1	1.309800	1	0	1
sub-122	2	0	1.033070	1	0	0
sub-122	1	0	1.724820	1	0	0
sub-122	3	1	1.667880	1	0	0
sub-122	5	1	2.341510	1	0	0
sub-122	2	1	2.048930	1	0	0
sub-122	4	1	1.834490	1	0	0
sub-122	7	1	1.757090	1	0	0
sub-122	10	1	1.766080	1	0	1
sub-122	6	1	1.723970	1	0	1
sub-122	9	1	1.600860	1	0	1
sub-122	10	1	1.640590	1	0	1
sub-122	10	1	1.744280	1	0	1
sub-122	2	0	1.666640	1	0	1
sub-122	10	1	1.422590	1	0	1
sub-122	9	1	1.580280	1	0	1
sub-122	5	1	1.662500	1	0	1
sub-122	9	1	1.434420	1	0	1
sub-122	9	1	1.494560	1	0	1
sub-122	7	1	1.567860	1	0	1
sub-122	7	1	1.425140	1	0	1
sub-122	8	1	1.861080	1	0	1
sub-122	3	1	1.915870	1	0	1
sub-122	9	1	1.489030	1	0	1
sub-122	9	1	1.583320	1	0	1
sub-122	10	1	1.488070	1	0	1
sub-122	9	1	1.480770	1	0	1
sub-122	6	1	1.770790	1	0	1
sub-122	7	1	1.459780	1	0	1
sub-122	2	1	1.601500	1	0	1
sub-122	8	1	1.657320	1	0	1
sub-122	10	1	1.599240	1	0	1
sub-122	4	1	1.543120	1	0	0
sub-122	4	1	1.023860	1	0	0
sub-122	4	1	1.832340	1	0	0
sub-122	4	1	1.455090	1	0	0
sub-122	5	1	1.644580	1	0	0
sub-122	9	1	1.419310	1	0	0
sub-122	3	0	1.759520	1	0	0
sub-122	3	0	1.518530	1	0	0
sub-122	2	1	1.793790	1	0	0
sub-122	1	1	1.617310	1	0	0
sub-122	5	1	1.576090	1	0	0
sub-122	4	1	1.431700	1	0	0
sub-122	3	1	1.723740	1	0	0
sub-122	3	1	2.031920	1	0	0
sub-122	9	1	1.019750	1	0	0
sub-122	2	1	1.645940	1	0	0
sub-124	3	1	2.178600	1	0	0
sub-124	1	1	1.768490	1	0	0
sub-124	8	1	2.139010	1	0	0
sub-124	1	1	1.362470	1	0	0
sub-124	5	1	1.017980	1	0	0
sub-124	4	1	1.307270	1	0	0
sub-124	2	1	1.698140	1	0	0
sub-124	3	1	1.272170	1	0	0
sub-124	9	1	1.807340	1	0	1
sub-124	8	1	1.455350	1	0	1
sub-124	8	1	1.025950	1	0	1
sub-124	7	1	1.251970	1	0	1
sub-124	10	1	1.341870	1	0	1
sub-124	10	1	1.714730	1	0	1
sub-124	6	1	1.354990	1	0	1
sub-124	4	1	1.445160	1	0	1
sub-124	7	1	1.023320	1	0	1
sub-124	5	1	1.465320	1	0	1
sub-124	9	1	1.323920	1	0	1
sub-124	2	1	1.346120	1	0	1
sub-124	7	1	1.486870	1	0	1
sub-124	9	1	1.342370	1	0	1
sub-124	7	1	1.030780	1	0	1
sub-124	9	1	1.622010	1	0	1
sub-124	9	1	2.363570	1	0	1
sub-124	10	1	1.483690	1	0	1
sub-124	3	1	1.357100	1	0	1
sub-124	6	1	1.414570	1	0	1
sub-124	7	1	1.019490	1	0	1
sub-124	10	1	1.027540	1	0	1
sub-124	8	1	1.330870	1	0	1
sub-124	9	1	1.288690	1	0	1
sub-124	1	0	1.622100	1	0	0
sub-124	1	0	1.378210	1	0	0
sub-124	1	0	1.233970	1	0	0
sub-124	4	1	1.323360	1	0	0
sub-124	7	1	1.714540	1	0	0
sub-124	4	1	1.486170	1	0	0
sub-124	5	1	1.375960	1	0	0
sub-124	2	1	1.399910	1	0	0
sub-124	3	1	1.503580	1	0	0
sub-124	5	1	2.094030	1	0	0
sub-124	8	1	1.518340	1	0	0
sub-124	2	1	1.290580	1	0	0
sub-124	1	0	1.031240	1	0	0
sub-124	3	1	1.032820	1	0	0
sub-124	3	1	1.026420	1	0	0
sub-124	3	1	1.747790	1	0	0
sub-125	8	1	1.783590	1	0	1
sub-125	9	1	1.356420	1	0	1
sub-125	7	0	1.787330	1	0	1
sub-125	7	0	1.703810	1	0	1
sub-125	7	1	1.505650	1	0	1
sub-125	4	0	1.387670	1	0	1
sub-125	9	1	1.385280	1	0	1
sub-125	3	0	1.456010	1	0	0
sub-125	3	0	1.421330	1	0	0
sub-125	1	0	1.423460	1	0	0
sub-125	3	1	1.370440	1	0	0
sub-125	6	1	1.620820	1	0	0
sub-125	3	0	1.523590	1	0	0
sub-125	4	0	1.719840	1	0	0
sub-125	9	1	1.570440	1	0	0
sub-125	7	1	1.529930	1	0	1
sub-125	6	1	1.027240	1	0	1
sub-125	8	1	1.760360	1	0	1
sub-125	1	0	1.656700	1	0	1
sub-125	9	1	1.922000	1	0	1
sub-125	9	1	2.039450	1	0	1
sub-125	7	1	2.121940	1	0	1
sub-125	7	1	1.873210	1	0	1
sub-125	2	0	1.823800	1	0	0
sub-125	1	0	1.972100	1	0	0
sub-125	3	0	2.170540	1	0	0
sub-125	1	0	1.870770	1	0	0
sub-125	7	1	1.816810	1	0	0
sub-125	2	0	2.083340	1	0	0
sub-125	5	1	2.166550	1	0	0
sub-125	2	0	1.967650	1	0	0
sub-125	9	1	1.877380	1	0	1
sub-125	4	1	2.129200	1	0	1
sub-125	9	1	1.794810	1	0	1
sub-125	7	1	1.760960	1	0	1
sub-125	8	1	1.478700	1	0	1
sub-125	5	0	1.496730	1	0	1
sub-125	9	1	1.698370	1	0	1
sub-125	7	1	1.981250	1	0	1
sub-125	10	1	1.601940	1	0	0
sub-125	1	0	1.419500	1	0	0
sub-125	1	0	1.535590	1	0	0
sub-125	4	1	1.915870	1	0	0
sub-125	1	0	1.565020	1	0	0
sub-125	1	0	2.166050	1	0	0
sub-125	6	0	2.203340	1	0	0
sub-125	4	0	1.586380	1	0	0
sub-126	2	1	1.571830	1	0	1
sub-126	10	1	1.275140	1	0	1
sub-126	10	1	1.025740	1	0	1
sub-126	10	1	1.357980	1	0	1
sub-126	7	1	1.339950	1	0	1
sub-126	9	1	1.389930	1	0	1
sub-126	8	1	1.291110	1	0	1
sub-126	6	1	1.338760	1	0	1
sub-126	4	1	1.024010	1	0	0
sub-126	3	1	1.423290	1	0	0
sub-126	4	1	1.353630	1	0	0
sub-126	4	1	1.334540	1	0	0
sub-126	1	1	1.367990	1	0	0
sub-126	3	1	1.365960	1	0	0
sub-126	6	1	1.465860	1	0	0
sub-126	8	1	1.452890	1	0	0
sub-126	8	1	1.500580	1	0	1
sub-126	8	1	1.263170	1	0	1
sub-126	10	1	1.309900	1	0	1
sub-126	2	1	1.359810	1	0	1
sub-126	10	1	1.339940	1	0	1
sub-126	10	1	1.357650	1	0	1
sub-126	9	1	1.375380	1	0	1
sub-126	5	1	1.777510	1	0	1
sub-126	3	1	1.356020	1	0	0
sub-126	1	1	2.455020	1	0	0
sub-126	8	1	1.508680	1	0	0
sub-126	1	1	1.759050	1	0	0
sub-126	2	1	1.877790	1	0	0
sub-126	1	1	1.416040	1	0	0
sub-126	5	1	1.449390	1	0	0
sub-126	1	1	1.417440	1	0	0
sub-126	5	1	1.565220	1	0	0
sub-126	1	1	1.416510	1	0	0
sub-126	3	1	1.350410	1	0	0
sub-126	4	1	1.467990	1	0	0
sub-126	9	1	1.335850	1	0	0
sub-126	1	1	1.387930	1	0	0
sub-126	2	1	2.638360	1	0	0
sub-126	2	1	1.589150	1	0	0
sub-126	10	1	1.459890	1	0	1
sub-126	4	1	1.395430	1	0	1
sub-126	10	1	1.413330	1	0	1
sub-126	9	1	1.380560	1	0	1
sub-126	7	1	1.346550	1	0	1
sub-126	7	1	1.498710	1	0	1
sub-126	8	1	1.237560	1	0	1
sub-127	6	1	2.553190	1	0	1
sub-127	7	1	1.759800	1	0	1
sub-127	9	1	1.616850	1	0	1
sub-127	9	1	1.088820	1	0	1
sub-127	8	1	1.612140	1	0	1
sub-127	7	0	1.518070	1	0	1
sub-127	4	0	1.523860	1	0	1
sub-127	8	1	1.679830	1	0	1
sub-127	4	0	1.434860	1	0	0
sub-127	1	0	1.240560	1	0	0
sub-127	9	1	1.514520	1	0	0
sub-127	2	0	1.420550	1	0	0
sub-127	4	0	1.376580	1	0	0
sub-127	4	0	1.516810	1	0	0
sub-127	1	0	1.490400	1	0	0
sub-127	5	0	1.562850	1	0	0
sub-127	8	1	1.321190	1	0	1
sub-127	7	0	1.744000	1	0	1
sub-127	8	1	1.701380	1	0	1
sub-127	4	0	1.507140	1	0	1
sub-127	8	1	1.329690	1	0	1
sub-127	5	0	1.486470	1	0	1
sub-127	9	1	1.026280	1	0	1
sub-127	9	1	1.566370	1	0	1
sub-127	9	1	1.055690	1	0	1
sub-127	1	0	1.477790	1	0	1
sub-127	8	1	1.419020	1	0	1
sub-127	6	0	1.475160	1	0	1
sub-127	9	1	1.447690	1	0	1
sub-127	10	1	1.703790	1	0	1
sub-127	9	1	1.594020	1	0	1
sub-127	7	0	1.484250	1	0	1
sub-127	6	0	1.313770	1	0	0
sub-127	8	1	1.020840	1	0	0
sub-127	1	0	1.460690	1	0	0
sub-127	3	0	1.366570	1	0	0
sub-127	4	0	1.405890	1	0	0
sub-127	2	0	1.362710	1	0	0
sub-127	3	0	1.468680	1	0	0
sub-127	4	0	1.492220	1	0	0
sub-127	10	1	1.031530	1	0	0
sub-127	3	0	1.472120	1	0	0
sub-127	1	0	1.496030	1	0	0
sub-127	2	0	1.385270	1	0	0
sub-127	2	0	1.474570	1	0	0
sub-127	4	0	1.480530	1	0	0
sub-127	3	0	1.419700	1	0	0
sub-127	5	0	1.392180	1	0	0
sub-128	1	0	1.023480	1	0	1
sub-128	10	0	1.030760	1	0	1
sub-128	7	0	1.021060	1	0	1
sub-128	7	0	1.026700	1	0	1
sub-128	6	0	1.033160	1	0	1
sub-128	7	0	1.023390	1	0	1
sub-128	9	0	1.029120	1	0	1
sub-128	9	0	1.018310	1	0	1
sub-128	4	0	1.021090	1	0	0
sub-128	10	0	1.027050	1	0	0
sub-128	1	0	1.017640	1	0	0
sub-128	6	0	1.441960	1	0	0
sub-128	4	0	1.030240	1	0	0
sub-128	4	0	1.019900	1	0	0
sub-128	1	0	1.025610	1	0	0
sub-128	1	0	1.031700	1	0	0
sub-128	1	0	1.030620	1	0	0
sub-128	4	0	1.022120	1	0	0
sub-128	2	0	1.028050	1	0	0
sub-128	3	0	1.017400	1	0	0
sub-128	10	1	1.024290	1	0	0
sub-128	1	0	1.030750	1	0	0
sub-128	6	0	1.019170	1	0	0
sub-128	4	0	1.025390	1	0	0
sub-128	8	0	1.025100	1	0	1
sub-128	6	0	1.031910	1	0	1
sub-128	10	1	1.022230	1	0	1
sub-128	8	0	1.027940	1	0	1
sub-128	8	0	1.017300	1	0	1
sub-128	3	0	1.091290	1	0	1
sub-128	10	1	1.030470	1	0	1
sub-128	7	0	1.019590	1	0	1
sub-128	5	0	1.031960	1	0	1
sub-128	7	0	1.022340	1	0	1
sub-128	7	0	1.029560	1	0	1
sub-128	7	0	1.018730	1	0	1
sub-128	10	1	1.025070	1	0	1
sub-128	8	0	1.030590	1	0	1
sub-128	8	0	1.019780	1	0	1
sub-128	1	0	1.059320	1	0	1
sub-128	3	0	1.292000	1	0	0
sub-128	1	0	1.030770	1	0	0
sub-128	4	0	1.021120	1	0	0
sub-128	3	0	1.027160	1	0	0
sub-128	1	0	1.032860	1	0	0
sub-128	4	0	1.023300	1	0	0
sub-128	6	0	1.263020	1	0	0
sub-128	8	0	1.018650	1	0	0
sub-129	8	1	1.821050	1	0	1
sub-129	10	1	1.177570	1	0	1
sub-129	6	1	1.151320	1	0	1
sub-129	3	0	1.107360	1	0	1
sub-129	9	1	1.029640	1	0	1
sub-129	7	1	1.018930	1	0	1
sub-129	10	1	1.024570	1	0	1
sub-129	7	1	1.080990	1	0	1
sub-129	8	1	1.100660	1	0	0
sub-129	1	0	1.091260	1	0	0
sub-129	4	0	1.344990	1	0	0
sub-129	4	0	1.285450	1	0	0
sub-129	4	0	1.140810	1	0	0
sub-129	2	0	1.064650	1	0	0
sub-129	5	1	1.021440	1	0	0
sub-129	4	1	1.211050	1	0	0
sub-129	2	0	1.194830	1	0	0
sub-129	10	1	1.018440	1	0	0
sub-129	6	1	1.024170	1	0	0
sub-129	1	0	1.030090	1	0	0
sub-129	4	0	1.102700	1	0	0
sub-129	2	0	1.025260	1	0	0
sub-129	4	0	1.031130	1	0	0
sub-129	3	0	1.021480	1	0	0
sub-129	2	0	1.031090	1	0	0
sub-129	4	0	1.020880	1	0	0
sub-129	3	0	1.027970	1	0	0
sub-129	2	0	1.017180	1	0	0
sub-129	1	0	1.024110	1	0	0
sub-129	3	0	1.297520	1	0	0
sub-129	7	0	1.921480	1	0	0
sub-129	5	1	1.026320	1	0	0
sub-129	2	0	1.025470	1	0	1
sub-129	10	1	1.030840	1	0	1
sub-129	9	1	1.055560	1	0	1
sub-129	10	1	1.027870	1	0	1
sub-129	7	1	1.250920	1	0	1
sub-129	7	1	1.024060	1	0	1
sub-129	6	1	1.029840	1	0	1
sub-129	8	1	1.019380	1	0	1
sub-129	8	1	1.279060	1	0	1
sub-129	9	1	1.018040	1	0	1
sub-129	1	0	1.025070	1	0	1
sub-129	9	1	1.030770	1	0	1
sub-129	8	1	1.021360	1	0	1
sub-129	6	1	1.027150	1	0	1
sub-129	10	1	1.032920	1	0	1
sub-129	7	1	1.023440	1	0	1
sub-130	2	1	2.053880	1	0	0
sub-130	2	1	1.464140	1	0	0
sub-130	7	1	1.601990	1	0	0
sub-130	4	1	1.660070	1	0	0
sub-130	3	1	1.797620	1	0	0
sub-130	4	1	1.820250	1	0	0
sub-130	6	1	1.794330	1	0	0
sub-130	1	1	1.816730	1	0	0
sub-130	8	1	2.011090	1	0	1
sub-130	8	1	1.917940	1	0	1
sub-130	10	1	1.624200	1	0	1
sub-130	9	1	1.597410	1	0	1
sub-130	1	1	1.471250	1	0	1
sub-130	6	1	1.461390	1	0	1
sub-130	10	1	1.533420	1	0	1
sub-130	10	1	1.555650	1	0	1
sub-130	8	1	1.448260	1	0	1
sub-130	6	1	1.222470	1	0	1
sub-130	8	1	1.548580	1	0	1
sub-130	10	1	2.919490	1	0	1
sub-130	9	1	2.043010	1	0	1
sub-130	8	1	1.582350	1	0	1
sub-130	8	1	1.505900	1	0	1
sub-130	4	1	1.598490	1	0	1
sub-130	2	1	2.083220	1	0	0
sub-130	8	1	1.404200	1	0	0
sub-130	3	1	1.612320	1	0	0
sub-130	3	1	1.598470	1	0	0
sub-130	4	1	1.455430	1	0	0
sub-130	5	1	1.460390	1	0	0
sub-130	1	1	1.435150	1	0	0
sub-130	3	1	1.025150	1	0	0
sub-130	5	1	1.683820	1	0	1
sub-130	8	1	1.490910	1	0	1
sub-130	7	1	1.466060	1	0	1
sub-130	4	1	1.518810	1	0	1
sub-130	9	1	1.540350	1	0	1
sub-130	8	1	1.565520	1	0	1
sub-130	8	1	1.470650	1	0	1
sub-130	10	1	1.425570	1	0	1
sub-130	2	1	1.964270	1	0	0
sub-130	6	1	1.470400	1	0	0
sub-130	1	1	1.827840	1	0	0
sub-130	7	1	1.767090	1	0	0
sub-130	4	1	1.454510	1	0	0
sub-130	3	1	1.495420	1	0	0
sub-130	4	1	1.485390	1	0	0
sub-130	1	1	1.542980	1	0	0
sub-131	4	0	2.042410	1	0	1
sub-131	8	0	2.546720	1	0	1
sub-131	7	0	1.669490	1	0	1
sub-131	8	1	2.092990	1	0	1
sub-131	8	1	1.900360	1	0	1
sub-131	8	1	2.023500	1	0	1
sub-131	5	0	2.496410	1	0	1
sub-131	2	0	1.486120	1	0	0
sub-131	2	0	1.275480	1	0	0
sub-131	1	0	1.668570	1	0	0
sub-131	1	0	1.220290	1	0	0
sub-131	9	1	2.026130	1	0	0
sub-131	5	1	1.933150	1	0	0
sub-131	2	0	1.371630	1	0	0
sub-131	3	0	2.060650	1	0	0
sub-131	5	1	2.122330	1	0	0
sub-131	4	1	1.179740	1	0	0
sub-131	1	1	1.401110	1	0	0
sub-131	2	1	1.140590	1	0	0
sub-131	8	1	1.465340	1	0	0
sub-131	2	1	1.037150	1	0	0
sub-131	1	1	1.662830	1	0	0
sub-131	4	1	1.018420	1	0	0
sub-131	9	1	1.781630	1	0	1
sub-131	6	1	1.021320	1	0	1
sub-131	4	1	1.028160	1	0	1
sub-131	9	1	1.469350	1	0	1
sub-131	10	1	1.520050	1	0	1
sub-131	9	1	1.797720	1	0	1
sub-131	10	1	1.703120	1	0	1
sub-131	10	1	2.325350	1	0	1
sub-131	4	1	1.630600	1	0	0
sub-131	5	1	1.488840	1	0	0
sub-131	9	1	1.029140	1	0	0
sub-131	4	1	1.703470	1	0	0
sub-131	2	1	1.026840	1	0	0
sub-131	4	1	1.017260	1	0	0
sub-131	2	1	1.536880	1	0	0
sub-131	1	1	1.076290	1	0	0
sub-131	8	1	1.985610	1	0	1
sub-131	7	1	1.028090	1	0	1
sub-131	8	1	1.030810	1	0	1
sub-131	10	1	1.018680	1	0	1
sub-131	2	1	1.027500	1	0	1
sub-131	7	1	1.017620	1	0	1
sub-131	6	1	1.021010	1	0	1
sub-131	7	1	1.029110	1	0	1
sub-132	3	1	2.975560	1	0	0
sub-132	8	1	1.658200	1	0	0
sub-132	2	1	1.608060	1	0	0
sub-132	2	1	1.673590	1	0	0
sub-132	2	1	1.736040	1	0	0
sub-132	6	1	1.593700	1	0	0
sub-132	3	1	1.579670	1	0	0
sub-132	4	1	1.920850	1	0	0
sub-132	9	1	1.428400	1	0	1
sub-132	7	1	1.517400	1	0	1
sub-132	10	1	1.033250	1	0	1
sub-132	9	1	1.748730	1	0	1
sub-132	7	1	1.618390	1	0	1
sub-132	5	1	1.788420	1	0	1
sub-132	1	1	1.864680	1	0	1
sub-132	8	1	1.734900	1	0	1
sub-132	1	1	1.810940	1	0	0
sub-132	1	1	1.596790	1	0	0
sub-132	4	1	1.649200	1	0	0
sub-132	8	1	1.608310	1	0	0
sub-132	1	1	1.786870	1	0	0
sub-132	6	1	1.689750	1	0	0
sub-132	2	1	1.592150	1	0	0
sub-132	1	1	1.935750	1	0	0
sub-132	8	1	2.353930	1	0	1
sub-132	10	1	1.823240	1	0	1
sub-132	4	1	1.844280	1	0	1
sub-132	10	1	1.631720	1	0	1
sub-132	6	1	1.602110	1	0	1
sub-132	7	1	1.662920	1	0	1
sub-132	9	1	1.759180	1	0	1
sub-132	7	1	1.605000	1	0	1
sub-132	8	1	1.512820	1	0	1
sub-132	8	1	1.416890	1	0	1
sub-132	1	1	1.630570	1	0	1
sub-132	6	1	1.604590	1	0	1
sub-132	9	1	1.508060	1	0	1
sub-132	7	1	1.772360	1	0	1
sub-132	7	1	1.800290	1	0	1
sub-132	8	1	1.464510	1	0	1
sub-132	3	1	1.856390	1	0	0
sub-132	2	1	1.657130	1	0	0
sub-132	4	1	1.637460	1	0	0
sub-132	2	1	1.524970	1	0	0
sub-132	2	1	1.561010	1	0	0
sub-132	6	1	1.033020	1	0	0
sub-132	9	1	1.657790	1	0	0
sub-132	3	1	1.879670	1	0	0
sub-133	7	1	2.164210	1	0	1
sub-133	6	1	1.846970	1	0	1
sub-133	10	1	2.303350	1	0	1
sub-133	8	1	2.125440	1	0	1
sub-133	8	1	2.265920	1	0	1
sub-133	1	0	2.882010	1	0	1
sub-133	3	1	2.233390	1	0	0
sub-133	5	1	1.740100	1	0	0
sub-133	1	1	1.549840	1	0	0
sub-133	3	1	1.740190	1	0	0
sub-133	9	1	1.529220	1	0	0
sub-133	2	1	1.751880	1	0	0
sub-133	4	1	1.858980	1	0	0
sub-133	3	1	1.731380	1	0	0
sub-133	8	1	1.648090	1	0	1
sub-133	6	1	1.087160	1	0	1
sub-133	10	1	1.160880	1	0	1
sub-133	7	1	1.550370	1	0	1
sub-133	7	1	1.539570	1	0	1
sub-133	7	1	1.028120	1	0	1
sub-133	4	1	1.017520	1	0	1
sub-133	8	1	1.024300	1	0	1
sub-133	6	1	1.348280	1	0	0
sub-133	4	1	1.937960	1	0	0
sub-133	3	1	1.595950	1	0	0
sub-133	3	1	1.019140	1	0	0
sub-133	10	1	1.075210	1	0	0
sub-133	3	1	1.030650	1	0	0
sub-133	4	1	1.137070	1	0	0
sub-133	4	1	1.043940	1	0	0
sub-133	9	1	1.440240	1	0	1
sub-133	10	1	1.212340	1	0	1
sub-133	10	1	1.768600	1	0	1
sub-133	6	1	1.741400	1	0	1
sub-133	4	1	1.680490	1	0	1
sub-133	10	1	1.486170	1	0	1
sub-133	9	1	1.559830	1	0	1
sub-133	9	1	1.499220	1	0	1
sub-133	8	1	1.081670	1	0	0
sub-133	4	1	1.021540	1	0	0
sub-133	4	1	1.328010	1	0	0
sub-133	5	1	1.401790	1	0	0
sub-133	2	1	1.524210	1	0	0
sub-133	2	1	1.313350	1	0	0
sub-133	4	1	1.395590	1	0	0
sub-133	1	1	1.484890	1	0	0
sub-134	8	1	1.682170	1	0	0
sub-134	1	0	2.138590	1	0	0
sub-134	2	1	1.227130	1	0	0
sub-134	4	1	1.066320	1	0	0
sub-134	5	1	1.122190	1	0	0
sub-134	1	1	1.428440	1	0	0
sub-134	1	0	2.301730	1	0	0
sub-134	8	1	2.547480	1	0	1
sub-134	10	1	1.103320	1	0	1
sub-134	10	1	1.042530	1	0	1
sub-134	7	1	1.398700	1	0	1
sub-134	8	1	2.038500	1	0	1
sub-134	6	1	1.211540	1	0	1
sub-134	10	1	1.032540	1	0	1
sub-134	4	1	1.523430	1	0	1
sub-134	6	1	1.163350	1	0	0
sub-134	4	1	1.018940	1	0	0
sub-134	4	1	1.026460	1	0	0
sub-134	8	1	1.032270	1	0	0
sub-134	4	1	1.022730	1	0	0
sub-134	3	1	1.078880	1	0	0
sub-134	4	1	1.018980	1	0	0
sub-134	2	1	1.141820	1	0	0
sub-134	5	1	1.020630	1	0	1
sub-134	10	1	1.027390	1	0	1
sub-134	9	1	1.017070	1	0	1
sub-134	8	1	1.969810	1	0	1
sub-134	10	1	1.018160	1	0	1
sub-134	7	1	1.023520	1	0	1
sub-134	1	1	1.029910	1	0	1
sub-134	8	1	1.017200	1	0	1
sub-134	7	1	1.024180	1	0	1
sub-134	6	1	1.882120	1	0	1
sub-134	8	1	1.020750	1	0	1
sub-134	8	1	1.026170	1	0	1
sub-134	1	1	2.014070	1	0	1
sub-134	3	1	1.027070	1	0	0
sub-134	8	1	1.033110	1	0	0
sub-134	1	0	1.023180	1	0	0
sub-134	3	1	1.029190	1	0	0
sub-134	5	1	1.018290	1	0	0
sub-134	3	1	1.324950	1	0	0
sub-134	1	0	1.030210	1	0	0
sub-134	3	1	1.019530	1	0	0
sub-135	3	0	2.938430	1	0	0
sub-135	2	1	1.461020	1	0	0
sub-135	3	1	2.351160	1	0	0
sub-135	7	0	1.906870	1	0	0
sub-135	1	0	1.613470	1	0	0
sub-135	1	1	1.685480	1	0	0
sub-135	1	0	1.458320	1	0	0
sub-135	1	0	1.662980	1	0	1
sub-135	10	1	1.101560	1	0	1
sub-135	10	1	1.125320	1	0	1
sub-135	8	0	2.499970	1	0	1
sub-135	10	1	1.189240	1	0	1
sub-135	7	0	1.179360	1	0	1
sub-135	8	0	1.085280	1	0	1
sub-135	5	0	1.174580	1	0	1
sub-135	7	0	1.506840	1	0	1
sub-135	7	0	1.030300	1	0	1
sub-135	4	0	1.019510	1	0	1
sub-135	10	1	1.025300	1	0	1
sub-135	10	1	1.031310	1	0	1
sub-135	10	1	1.021720	1	0	1
sub-135	6	0	1.027480	1	0	1
sub-135	10	1	1.016810	1	0	1
sub-135	4	0	1.154570	1	0	0
sub-135	4	0	1.026260	1	0	0
sub-135	2	0	1.634140	1	0	0
sub-135	4	0	1.022540	1	0	0
sub-135	2	0	1.078470	1	0	0
sub-135	8	0	1.018940	1	0	0
sub-135	1	0	1.024760	1	0	0
sub-135	5	0	1.030770	1	0	0
sub-135	10	0	1.068650	1	0	1
sub-135	8	0	1.024960	1	0	1
sub-135	9	0	1.314360	1	0	1
sub-135	8	0	1.021260	1	0	1
sub-135	8	0	1.027160	1	0	1
sub-135	7	0	1.033130	1	0	1
sub-135	5	0	1.023600	1	0	1
sub-135	1	0	1.596900	1	0	1
sub-135	9	0	1.177470	1	0	0
sub-135	5	0	1.032120	1	0	0
sub-135	1	0	1.023130	1	0	0
sub-135	3	0	1.028810	1	0	0
sub-135	1	0	1.018690	1	0	0
sub-135	1	0	2.642240	1	0	0
sub-135	2	0	1.030910	1	0	0
sub-136	10	1	2.724140	1	0	1
sub-136	9	1	2.492500	1	0	1
sub-136	4	1	1.918750	1	0	1
sub-136	8	1	1.599480	1	0	1
sub-136	10	1	1.188520	1	0	1
sub-136	8	1	1.129400	1	0	1
sub-136	5	1	1.850110	1	0	1
sub-136	9	1	1.177280	1	0	1
sub-136	6	1	1.404040	1	0	0
sub-136	3	0	1.288270	1	0	0
sub-136	7	1	1.021430	1	0	0
sub-136	1	0	1.039270	1	0	0
sub-136	4	1	1.020020	1	0	0
sub-136	2	0	1.573640	1	0	0
sub-136	2	0	1.022510	1	0	0
sub-136	3	0	1.487770	1	0	0
sub-136	4	1	1.171240	1	0	0
sub-136	2	1	1.117180	1	0	0
sub-136	2	1	2.019400	1	0	0
sub-136	1	1	1.335370	1	0	0
sub-136	8	1	1.085050	1	0	0
sub-136	5	1	1.250250	1	0	0
sub-136	1	0	2.483080	1	0	0
sub-136	1	0	1.068500	1	0	0
sub-136	10	1	1.068840	1	0	1
sub-136	6	1	1.182380	1	0	1
sub-136	7	1	1.032440	1	0	1
sub-136	7	1	1.017450	1	0	1
sub-136	3	1	1.033230	1	0	1
sub-136	7	1	1.031640	1	0	1
sub-136	9	1	1.397220	1	0	1
sub-136	10	1	1.029000	1	0	1
sub-136	5	1	1.514100	1	0	1
sub-136	7	1	1.032220	1	0	1
sub-136	10	1	1.016910	1	0	1
sub-136	8	1	1.024280	1	0	1
sub-136	7	1	1.021490	1	0	1
sub-136	7	1	1.022680	1	0	1
sub-136	8	1	1.024020	1	0	1
sub-136	1	1	1.024260	1	0	1
sub-136	5	1	1.417740	1	0	0
sub-136	2	1	1.285300	1	0	0
sub-136	3	1	1.020050	1	0	0
sub-136	4	1	1.019900	1	0	0
sub-136	3	1	1.034540	1	0	0
sub-136	10	1	1.032230	1	0	0
sub-136	3	1	1.299350	1	0	0
sub-136	4	1	1.030470	1	0	0
sub-137	7	1	1.933320	1	0	1
sub-137	6	0	1.089570	1	0	1
sub-137	8	1	1.029790	1	0	1
sub-137	10	1	1.519590	1	0	1
sub-137	1	0	1.175080	1	0	1
sub-137	7	1	1.614740	1	0	1
sub-137	7	1	1.537620	1	0	1
sub-137	7	1	1.509840	1	0	1
sub-137	1	0	1.305710	1	0	0
sub-137	3	0	1.094480	1	0	0
sub-137	5	0	1.168460	1	0	0
sub-137	10	1	1.023930	1	0	0
sub-137	4	0	1.029560	1	0	0
sub-137	3	0	1.052390	1	0	0
sub-137	2	0	1.458820	1	0	0
sub-137	3	0	1.197890	1	0	0
sub-137	8	1	1.217500	1	0	0
sub-137	6	0	1.225470	1	0	0
sub-137	1	0	1.198310	1	0	0
sub-137	1	0	1.020320	1	0	0
sub-137	1	0	1.043220	1	0	0
sub-137	1	0	1.466120	1	0	0
sub-137	2	0	1.121620	1	0	0
sub-137	3	0	1.027170	1	0	0
sub-137	7	1	1.240370	1	0	1
sub-137	7	1	1.112480	1	0	1
sub-137	7	1	1.485530	1	0	1
sub-137	2	0	1.025110	1	0	1
sub-137	8	1	1.031170	1	0	1
sub-137	6	0	1.322260	1	0	1
sub-137	7	1	1.027150	1	0	1
sub-137	7	1	1.033150	1	0	1
sub-137	10	1	1.565960	1	0	1
sub-137	9	1	1.021660	1	0	1
sub-137	10	1	1.361800	1	0	1
sub-137	5	0	1.201890	1	0	1
sub-137	8	1	1.408130	1	0	1
sub-137	10	1	1.181670	1	0	1
sub-137	4	0	1.304390	1	0	1
sub-137	8	1	1.209980	1	0	1
sub-137	2	0	1.095630	1	0	0
sub-137	2	0	1.019730	1	0	0
sub-137	8	1	1.025960	1	0	0
sub-137	2	0	1.031550	1	0	0
sub-137	6	0	2.239950	1	0	0
sub-137	4	0	1.027790	1	0	0
sub-137	1	0	1.016980	1	0	0
sub-137	3	0	1.074430	1	0	0
sub-138	10	1	1.026230	1	0	1
sub-138	8	1	1.033580	1	0	1
sub-138	7	1	1.024440	1	0	1
sub-138	9	1	1.030690	1	0	1
sub-138	4	0	2.805100	1	0	1
sub-138	6	1	1.159480	1	0	1
sub-138	8	1	1.115860	1	0	1
sub-138	8	1	1.137830	1	0	1
sub-138	5	1	2.208760	1	0	0
sub-138	2	0	1.715640	1	0	0
sub-138	2	1	1.020830	1	0	0
sub-138	4	1	1.026820	1	0	0
sub-138	8	1	1.032660	1	0	0
sub-138	3	1	1.040020	1	0	0
sub-138	3	0	1.095970	1	0	0
sub-138	3	1	1.019360	1	0	0
sub-138	8	1	1.464020	1	0	1
sub-138	10	1	1.019410	1	0	1
sub-138	7	1	1.193350	1	0	1
sub-138	9	1	1.031920	1	0	1
sub-138	8	1	1.022210	1	0	1
sub-138	5	1	2.036330	1	0	1
sub-138	4	0	1.558190	1	0	1
sub-138	1	0	1.574150	1	0	0
sub-138	3	0	1.630420	1	0	0
sub-138	5	1	1.336230	1	0	0
sub-138	9	1	1.024990	1	0	0
sub-138	1	0	2.215130	1	0	0
sub-138	4	0	1.653930	1	0	0
sub-138	1	0	1.360640	1	0	0
sub-138	3	1	1.700250	1	0	0
sub-138	10	1	1.555270	1	0	1
sub-138	3	1	1.228150	1	0	1
sub-138	9	1	1.032520	1	0	1
sub-138	9	1	1.107330	1	0	1
sub-138	9	1	1.029650	1	0	1
sub-138	8	1	1.119560	1	0	1
sub-138	7	1	1.142060	1	0	1
sub-138	5	1	2.433360	1	0	1
sub-138	2	1	2.520540	1	0	0
sub-138	4	1	1.024260	1	0	0
sub-138	3	1	1.315470	1	0	0
sub-138	5	1	1.821840	1	0	0
sub-138	8	1	1.377290	1	0	0
sub-138	4	1	2.768860	1	0	0
sub-138	2	1	1.090020	1	0	0
sub-138	3	1	1.495960	1	0	0
sub-140	8	1	1.746460	1	0	1
sub-140	4	1	1.736000	1	0	1
sub-140	7	1	1.192550	1	0	1
sub-140	7	0	2.215990	1	0	1
sub-140	6	1	1.354390	1	0	1
sub-140	8	1	1.543900	1	0	1
sub-140	9	1	1.132790	1	0	1
sub-140	2	0	2.882040	1	0	0
sub-140	1	1	1.019180	1	0	0
sub-140	1	0	1.642430	1	0	0
sub-140	7	1	1.032160	1	0	0
sub-140	1	1	1.289520	1	0	0
sub-140	5	0	2.396320	1	0	0
sub-140	1	1	1.601560	1	0	0
sub-140	2	0	1.557840	1	0	0
sub-140	4	1	1.901730	1	0	1
sub-140	10	1	1.023270	1	0	1
sub-140	9	1	1.030640	1	0	1
sub-140	7	1	1.203810	1	0	1
sub-140	7	1	1.043480	1	0	1
sub-140	7	1	1.199480	1	0	1
sub-140	8	1	1.155540	1	0	1
sub-140	5	0	1.461580	1	0	1
sub-140	1	0	2.689490	1	0	0
sub-140	2	0	1.963230	1	0	0
sub-140	10	1	1.018190	1	0	0
sub-140	1	1	1.374470	1	0	0
sub-140	4	1	1.430630	1	0	0
sub-140	2	1	1.753420	1	0	0
sub-140	2	0	1.509080	1	0	0
sub-140	6	1	1.681900	1	0	0
sub-140	2	1	1.971680	1	0	0
sub-140	6	1	1.023250	1	0	0
sub-140	3	0	2.614950	1	0	0
sub-140	9	1	1.069880	1	0	0
sub-140	1	0	1.476180	1	0	0
sub-140	2	0	1.415270	1	0	0
sub-140	3	1	1.271440	1	0	0
sub-140	4	1	1.394750	1	0	0
sub-140	10	1	1.476740	1	0	1
sub-140	4	1	1.166710	1	0	1
sub-140	7	1	1.940180	1	0	1
sub-140	5	1	1.278920	1	0	1
sub-140	8	1	1.218080	1	0	1
sub-140	9	1	1.023380	1	0	1
sub-140	8	1	1.029390	1	0	1
sub-140	10	1	1.102570	1	0	1
sub-141	10	1	1.374840	1	0	0
sub-141	2	1	1.116160	1	0	0
sub-141	4	1	1.029840	1	0	0
sub-141	3	1	1.017100	1	0	0
sub-141	4	1	1.031530	1	0	0
sub-141	4	1	1.019300	1	0	0
sub-141	5	1	1.026490	1	0	0
sub-141	2	1	1.033770	1	0	0
sub-141	7	1	1.274630	1	0	1
sub-141	7	1	1.021570	1	0	1
sub-141	10	1	1.028680	1	0	1
sub-141	7	1	1.021680	1	0	1
sub-141	6	1	1.131320	1	0	1
sub-141	10	1	1.029680	1	0	1
sub-141	9	1	1.019410	1	0	1
sub-141	1	1	1.136240	1	0	1
sub-141	2	1	1.230800	1	0	0
sub-141	1	1	1.436700	1	0	0
sub-141	2	1	1.528570	1	0	0
sub-141	5	1	1.568170	1	0	0
sub-141	9	1	1.690220	1	0	0
sub-141	3	1	1.630090	1	0	0
sub-141	1	1	1.557140	1	0	0
sub-141	2	1	1.506310	1	0	0
sub-141	8	1	1.271600	1	0	1
sub-141	10	1	1.594280	1	0	1
sub-141	5	1	1.064530	1	0	1
sub-141	7	1	1.223890	1	0	1
sub-141	9	1	1.124730	1	0	1
sub-141	9	1	1.170460	1	0	1
sub-141	10	1	1.025150	1	0	1
sub-141	4	1	1.750150	1	0	1
sub-141	6	1	1.765340	1	0	0
sub-141	2	1	1.101450	1	0	0
sub-141	1	1	1.251790	1	0	0
sub-141	3	1	1.020940	1	0	0
sub-141	7	1	1.020040	1	0	0
sub-141	2	1	1.016390	1	0	0
sub-141	4	1	1.021420	1	0	0
sub-141	3	1	1.017180	1	0	0
sub-141	7	1	1.031240	1	0	1
sub-141	5	1	1.104110	1	0	1
sub-141	7	1	1.137070	1	0	1
sub-141	3	1	1.047710	1	0	1
sub-141	8	1	1.337280	1	0	1
sub-141	7	1	1.457550	1	0	1
sub-141	10	1	1.022720	1	0	1
sub-141	7	1	1.635760	1	0	1
sub-142	7	1	1.672150	1	0	0
sub-142	4	1	1.376880	1	0	0
sub-142	6	1	1.027930	1	0	0
sub-142	1	0	1.994630	1	0	0
sub-142	1	1	1.863020	1	0	0
sub-142	4	1	1.791720	1	0	0
sub-142	3	1	1.485790	1	0	0
sub-142	2	1	1.521250	1	0	0
sub-142	8	1	1.810280	1	0	1
sub-142	1	1	1.443370	1	0	1
sub-142	7	1	1.576320	1	0	1
sub-142	10	1	1.593010	1	0	1
sub-142	9	1	1.754490	1	0	1
sub-142	5	1	2.472060	1	0	1
sub-142	8	1	1.617100	1	0	1
sub-142	8	1	2.034480	1	0	1
sub-142	10	1	1.603380	1	0	1
sub-142	10	1	1.213430	1	0	1
sub-142	10	1	1.502820	1	0	1
sub-142	7	1	1.752460	1	0	1
sub-142	7	1	1.349250	1	0	1
sub-142	6	1	1.897570	1	0	1
sub-142	7	1	1.596560	1	0	1
sub-142	1	1	1.293420	1	0	1
sub-142	5	1	2.210770	1	0	1
sub-142	7	1	1.491620	1	0	1
sub-142	7	1	1.490870	1	0	1
sub-142	3	1	1.696120	1	0	1
sub-142	9	1	1.105320	1	0	1
sub-142	10	1	1.122570	1	0	1
sub-142	8	1	1.715650	1	0	1
sub-142	8	1	1.748930	1	0	1
sub-142	7	1	1.847770	1	0	0
sub-142	5	1	1.781100	1	0	0
sub-142	1	1	1.080550	1	0	0
sub-142	1	1	1.096950	1	0	0
sub-142	2	1	1.025710	1	0	0
sub-142	1	1	1.026890	1	0	0
sub-142	2	1	1.483060	1	0	0
sub-142	1	0	2.138070	1	0	0
sub-142	4	1	1.911320	1	0	0
sub-142	5	1	1.619100	1	0	0
sub-142	3	1	1.474720	1	0	0
sub-142	3	1	1.607810	1	0	0
sub-142	2	1	1.673720	1	0	0
sub-142	7	1	1.305510	1	0	0
sub-142	3	1	1.511680	1	0	0
sub-142	3	1	1.634120	1	0	0
sub-143	8	1	1.032070	1	0	1
sub-143	10	1	1.026930	1	0	1
sub-143	5	1	1.188780	1	0	1
sub-143	7	1	1.034700	1	0	1
sub-143	9	1	1.030360	1	0	1
sub-143	8	1	1.026760	1	0	1
sub-143	4	1	1.022070	1	0	1
sub-143	7	1	1.018080	1	0	1
sub-143	4	1	1.020400	1	0	0
sub-143	3	1	1.017400	1	0	0
sub-143	2	1	1.030140	1	0	0
sub-143	7	1	1.027180	1	0	0
sub-143	4	1	1.022170	1	0	0
sub-143	6	1	1.336290	1	0	0
sub-143	2	0	2.000740	1	0	0
sub-143	4	1	1.029360	1	0	0
sub-143	9	1	1.030020	1	0	1
sub-143	10	1	1.026210	1	0	1
sub-143	8	1	1.022650	1	0	1
sub-143	8	1	1.018910	1	0	1
sub-143	5	1	1.030770	1	0	1
sub-143	10	1	1.026430	1	0	1
sub-143	10	1	1.021610	1	0	1
sub-143	2	0	1.016780	1	0	1
sub-143	2	0	1.855840	1	0	0
sub-143	5	1	1.032720	1	0	0
sub-143	4	1	1.027260	1	0	0
sub-143	2	0	1.157070	1	0	0
sub-143	4	1	1.018520	1	0	0
sub-143	3	1	1.031170	1	0	0
sub-143	7	1	1.027680	1	0	0
sub-143	4	1	1.023090	1	0	0
sub-143	10	1	1.259190	1	0	1
sub-143	6	1	1.020160	1	0	1
sub-143	8	1	1.033100	1	0	1
sub-143	8	1	1.027890	1	0	1
sub-143	10	1	1.023470	1	0	1
sub-143	1	1	1.019220	1	0	1
sub-143	10	1	1.031920	1	0	1
sub-143	9	1	1.027660	1	0	1
sub-143	1	0	1.714250	1	0	0
sub-143	3	1	1.026520	1	0	0
sub-143	1	0	1.021960	1	0	0
sub-143	3	1	1.032880	1	0	0
sub-143	5	1	1.028850	1	0	0
sub-143	4	1	1.024750	1	0	0
sub-143	4	1	1.021380	1	0	0
sub-143	8	1	1.032800	1	0	0
sub-144	8	1	1.032070	1	0	1
sub-144	10	1	1.026930	1	0	1
sub-144	5	1	1.188780	1	0	1
sub-144	7	1	1.034700	1	0	1
sub-144	9	1	1.030360	1	0	1
sub-144	8	1	1.026760	1	0	1
sub-144	4	1	1.022070	1	0	1
sub-144	7	1	1.018080	1	0	1
sub-144	4	1	1.020400	1	0	0
sub-144	3	1	1.017400	1	0	0
sub-144	2	1	1.030140	1	0	0
sub-144	7	1	1.027180	1	0	0
sub-144	4	1	1.022170	1	0	0
sub-144	6	1	1.336290	1	0	0
sub-144	2	0	2.000740	1	0	0
sub-144	4	1	1.029360	1	0	0
sub-144	9	1	1.030020	1	0	1
sub-144	10	1	1.026210	1	0	1
sub-144	8	1	1.022650	1	0	1
sub-144	8	1	1.018910	1	0	1
sub-144	5	1	1.030770	1	0	1
sub-144	10	1	1.026430	1	0	1
sub-144	10	1	1.021610	1	0	1
sub-144	2	0	1.016780	1	0	1
sub-144	2	0	1.855840	1	0	0
sub-144	5	1	1.032720	1	0	0
sub-144	4	1	1.027260	1	0	0
sub-144	2	0	1.157070	1	0	0
sub-144	4	1	1.018520	1	0	0
sub-144	3	1	1.031170	1	0	0
sub-144	7	1	1.027680	1	0	0
sub-144	4	1	1.023090	1	0	0
sub-144	10	1	1.259190	1	0	1
sub-144	6	1	1.020160	1	0	1
sub-144	8	1	1.033100	1	0	1
sub-144	8	1	1.027890	1	0	1
sub-144	10	1	1.023470	1	0	1
sub-144	1	1	1.019220	1	0	1
sub-144	10	1	1.031920	1	0	1
sub-144	9	1	1.027660	1	0	1
sub-144	1	0	1.714250	1	0	0
sub-144	3	1	1.026520	1	0	0
sub-144	1	0	1.021960	1	0	0
sub-144	3	1	1.032880	1	0	0
sub-144	5	1	1.028850	1	0	0
sub-144	4	1	1.024750	1	0	0
sub-144	4	1	1.021380	1	0	0
sub-144	8	1	1.032800	1	0	0
sub-145	3	0	1.576260	1	0	1
sub-145	9	1	1.498740	1	0	1
sub-145	7	1	1.590470	1	0	1
sub-145	7	1	1.513060	1	0	1
sub-145	6	0	1.469070	1	0	1
sub-145	10	1	1.592480	1	0	1
sub-145	10	1	1.498420	1	0	1
sub-145	7	1	1.754770	1	0	1
sub-145	2	0	1.807110	1	0	0
sub-145	1	0	1.496670	1	0	0
sub-145	5	0	1.486990	1	0	0
sub-145	3	0	1.410470	1	0	0
sub-145	4	0	1.466630	1	0	0
sub-145	1	0	1.456110	1	0	0
sub-145	10	1	1.461720	1	0	0
sub-145	1	0	1.417550	1	0	0
sub-145	7	1	2.347580	1	0	1
sub-145	8	1	1.485550	1	0	1
sub-145	6	0	1.493150	1	0	1
sub-145	9	1	1.432040	1	0	1
sub-145	8	1	1.488110	1	0	1
sub-145	8	1	1.477240	1	0	1
sub-145	1	0	1.399780	1	0	1
sub-145	7	1	1.856210	1	0	1
sub-145	3	0	1.558290	1	0	0
sub-145	3	0	1.032860	1	0	0
sub-145	1	0	1.023100	1	0	0
sub-145	6	0	1.579770	1	0	0
sub-145	4	0	1.369970	1	0	0
sub-145	7	1	2.042860	1	0	0
sub-145	2	0	1.398340	1	0	0
sub-145	2	0	1.020690	1	0	0
sub-145	3	0	1.565090	1	0	0
sub-145	8	1	1.188480	1	0	0
sub-145	4	0	1.028170	1	0	0
sub-145	4	0	1.017870	1	0	0
sub-145	6	0	1.525200	1	0	0
sub-145	1	0	1.314500	1	0	0
sub-145	4	0	1.454880	1	0	0
sub-145	1	0	1.028060	1	0	0
sub-145	7	1	2.271530	1	0	1
sub-145	7	1	1.409810	1	0	1
sub-145	8	1	1.433580	1	0	1
sub-145	9	1	1.389520	1	0	1
sub-145	1	0	1.295250	1	0	1
sub-145	8	1	1.485030	1	0	1
sub-145	10	1	1.424940	1	0	1
sub-145	5	0	1.399140	1	0	1
sub-147	3	1	1.864340	1	0	0
sub-147	6	1	1.420190	1	0	0
sub-147	4	1	1.294690	1	0	0
sub-147	9	1	1.300670	1	0	0
sub-147	4	1	2.222440	1	0	0
sub-147	3	1	1.777800	1	0	0
sub-147	10	1	2.874530	1	0	1
sub-147	7	1	1.063360	1	0	1
sub-147	8	1	1.403670	1	0	1
sub-147	9	1	2.043610	1	0	1
sub-147	1	1	1.482380	1	0	1
sub-147	8	1	1.254780	1	0	1
sub-147	5	1	1.277570	1	0	1
sub-147	9	1	1.383350	1	0	1
sub-147	8	1	1.823990	1	0	1
sub-147	7	1	1.230090	1	0	1
sub-147	2	0	1.377090	1	0	1
sub-147	5	1	1.184010	1	0	1
sub-147	8	1	1.139930	1	0	1
sub-147	8	1	1.028730	1	0	1
sub-147	7	1	1.018440	1	0	1
sub-147	6	1	1.457580	1	0	0
sub-147	3	1	2.230820	1	0	0
sub-147	4	1	1.620830	1	0	0
sub-147	3	1	1.326480	1	0	0
sub-147	2	0	1.149110	1	0	0
sub-147	8	1	1.104780	1	0	0
sub-147	4	1	1.027120	1	0	0
sub-147	3	1	1.434300	1	0	0
sub-147	5	1	1.630100	1	0	0
sub-147	3	1	1.469140	1	0	0
sub-147	4	1	1.327370	1	0	0
sub-147	2	0	1.032670	1	0	0
sub-147	2	0	1.023160	1	0	0
sub-147	10	1	1.329550	1	0	0
sub-147	1	0	1.253210	1	0	0
sub-147	3	1	1.375600	1	0	0
sub-147	8	1	1.578100	1	0	1
sub-147	9	1	1.051210	1	0	1
sub-147	1	0	1.158480	1	0	1
sub-147	8	1	1.182160	1	0	1
sub-147	10	1	1.021040	1	0	1
sub-147	7	1	1.026770	1	0	1
sub-147	8	1	1.032680	1	0	1
sub-147	6	1	1.090130	1	0	1
sub-149	2	1	1.995740	1	0	0
sub-149	10	1	1.908370	1	0	0
sub-149	2	0	2.238910	1	0	0
sub-149	2	0	2.483990	1	0	0
sub-149	7	1	2.636960	1	0	1
sub-149	5	1	1.782160	1	0	1
sub-149	7	1	1.195730	1	0	1
sub-149	3	1	1.759610	1	0	1
sub-149	9	1	1.671880	1	0	1
sub-149	7	1	1.033070	1	0	1
sub-149	9	1	1.213620	1	0	1
sub-149	7	1	1.025330	1	0	1
sub-149	8	1	1.031560	1	0	1
sub-149	10	1	1.028190	1	0	1
sub-149	5	1	1.024870	1	0	1
sub-149	10	1	1.019070	1	0	1
sub-149	7	1	1.032730	1	0	1
sub-149	8	1	1.028750	1	0	1
sub-149	4	1	1.024270	1	0	1
sub-149	8	1	1.020520	1	0	1
sub-149	1	0	1.541280	1	0	0
sub-149	3	1	1.037850	1	0	0
sub-149	2	1	1.017430	1	0	0
sub-149	3	1	1.030700	1	0	0
sub-149	6	1	1.025440	1	0	0
sub-149	1	0	1.105670	1	0	0
sub-149	1	0	1.135760	1	0	0
sub-149	7	1	1.032120	1	0	0
sub-149	9	1	1.316760	1	0	1
sub-149	8	1	1.027190	1	0	1
sub-149	3	1	1.390360	1	0	1
sub-149	9	1	1.020820	1	0	1
sub-149	8	1	1.033020	1	0	1
sub-149	7	1	1.029200	1	0	1
sub-149	10	1	1.027440	1	0	1
sub-149	5	1	1.023090	1	0	1
sub-149	1	0	1.624730	1	0	0
sub-149	2	1	1.738490	1	0	0
sub-149	2	1	1.134650	1	0	0
sub-149	3	1	1.081310	1	0	0
sub-149	10	1	1.110680	1	0	0
sub-149	6	1	1.040900	1	0	0
sub-149	1	0	1.087310	1	0	0
sub-149	4	1	1.032820	1	0	0
sub-150	6	1	1.944840	1	0	1
sub-150	9	1	1.385530	1	0	1
sub-150	7	1	1.608930	1	0	1
sub-150	7	1	1.499050	1	0	1
sub-150	8	1	1.471690	1	0	1
sub-150	7	1	1.461240	1	0	1
sub-150	10	1	1.700390	1	0	1
sub-150	2	0	1.372770	1	0	1
sub-150	6	1	1.352660	1	0	0
sub-150	3	0	1.710330	1	0	0
sub-150	1	0	1.448950	1	0	0
sub-150	4	1	1.522100	1	0	0
sub-150	8	1	1.377780	1	0	0
sub-150	3	0	1.735110	1	0	0
sub-150	1	0	1.391690	1	0	0
sub-150	3	0	1.432100	1	0	0
sub-150	10	1	1.581450	1	0	1
sub-150	1	0	1.387040	1	0	1
sub-150	10	1	1.710110	1	0	1
sub-150	10	1	1.415340	1	0	1
sub-150	6	1	1.588190	1	0	1
sub-150	7	1	1.444210	1	0	1
sub-150	8	1	1.383410	1	0	1
sub-150	9	1	1.556110	1	0	1
sub-150	2	0	1.726540	1	0	0
sub-150	4	1	1.383880	1	0	0
sub-150	7	1	1.388820	1	0	0
sub-150	6	1	1.378130	1	0	0
sub-150	2	0	1.350750	1	0	0
sub-150	3	0	1.406760	1	0	0
sub-150	3	1	1.913990	1	0	0
sub-150	1	0	1.386130	1	0	0
sub-150	3	1	1.611440	1	0	1
sub-150	9	1	1.401340	1	0	1
sub-150	8	1	1.392320	1	0	1
sub-150	7	1	1.349300	1	0	1
sub-150	8	1	1.438550	1	0	1
sub-150	6	1	1.478650	1	0	1
sub-150	9	1	1.451280	1	0	1
sub-150	10	1	1.457470	1	0	1
sub-150	5	1	1.457340	1	0	0
sub-150	1	0	1.380060	1	0	0
sub-150	1	0	1.370690	1	0	0
sub-150	3	1	1.394010	1	0	0
sub-150	1	0	1.382420	1	0	0
sub-150	10	1	1.521630	1	0	0
sub-150	2	1	1.611030	1	0	0
sub-150	4	1	1.501320	1	0	0
sub-151	5	1	2.662950	1	0	0
sub-151	9	1	1.602670	1	0	0
sub-151	2	0	1.024520	1	0	0
sub-151	1	0	1.030620	1	0	0
sub-151	1	0	1.021050	1	0	0
sub-151	1	0	1.026940	1	0	0
sub-151	4	0	1.416770	1	0	0
sub-151	4	0	1.038910	1	0	0
sub-151	2	0	1.306940	1	0	0
sub-151	3	0	1.029310	1	0	0
sub-151	4	0	1.020900	1	0	0
sub-151	6	1	1.026610	1	0	0
sub-151	2	0	1.032630	1	0	0
sub-151	7	1	1.022960	1	0	0
sub-151	1	0	1.196150	1	0	0
sub-151	4	0	1.618860	1	0	0
sub-151	7	1	1.407160	1	0	1
sub-151	3	0	1.196360	1	0	1
sub-151	8	1	1.137540	1	0	1
sub-151	8	1	1.025710	1	0	1
sub-151	10	1	1.032350	1	0	1
sub-151	7	1	1.022730	1	0	1
sub-151	9	1	1.028670	1	0	1
sub-151	5	0	1.435350	1	0	1
sub-151	3	0	1.214010	1	0	1
sub-151	8	1	1.553480	1	0	1
sub-151	10	1	1.026650	1	0	1
sub-151	8	1	1.149390	1	0	1
sub-151	5	0	1.138990	1	0	1
sub-151	8	1	1.027600	1	0	1
sub-151	8	1	1.016830	1	0	1
sub-151	7	1	1.224020	1	0	1
sub-151	3	0	1.030100	1	0	0
sub-151	3	0	1.022200	1	0	0
sub-151	6	1	1.646400	1	0	0
sub-151	2	0	1.018450	1	0	0
sub-151	3	0	1.024400	1	0	0
sub-151	2	0	1.030180	1	0	0
sub-151	9	1	1.154150	1	0	0
sub-151	2	0	1.026080	1	0	0
sub-151	10	1	1.528410	1	0	1
sub-151	6	1	2.001740	1	0	1
sub-151	8	1	1.025440	1	0	1
sub-151	3	0	1.031640	1	0	1
sub-151	10	1	1.021810	1	0	1
sub-151	8	1	1.278080	1	0	1
sub-151	9	1	1.033110	1	0	1
sub-151	9	1	1.023820	1	0	1
sub-152	4	1	1.117130	1	0	0
sub-152	3	1	1.016900	1	0	0
sub-152	5	1	1.017110	1	0	0
sub-152	3	1	1.031630	1	0	0
sub-152	3	1	1.029250	1	0	0
sub-152	4	1	1.026060	1	0	0
sub-152	8	1	1.019580	1	0	0
sub-152	2	1	1.019260	1	0	0
sub-152	1	1	2.917160	1	0	1
sub-152	8	1	1.019090	1	0	1
sub-152	6	1	1.031030	1	0	1
sub-152	7	1	1.020910	1	0	1
sub-152	10	1	1.027660	1	0	1
sub-152	9	1	1.026420	1	0	1
sub-152	8	1	1.024420	1	0	1
sub-152	8	1	1.022780	1	0	1
sub-152	4	1	1.483530	1	0	0
sub-152	2	1	1.032480	1	0	0
sub-152	7	1	1.032930	1	0	0
sub-152	3	1	1.029490	1	0	0
sub-152	6	1	1.027030	1	0	0
sub-152	2	1	1.027130	1	0	0
sub-152	5	1	1.031880	1	0	1
sub-152	7	1	1.029990	1	0	1
sub-152	7	1	1.026920	1	0	1
sub-152	8	1	1.025820	1	0	1
sub-152	9	1	1.030150	1	0	1
sub-152	1	1	1.053370	1	0	1
sub-152	4	1	1.026700	1	0	0
sub-152	3	1	1.025320	1	0	0
sub-152	2	1	1.032870	1	0	0
sub-152	6	1	1.031440	1	0	0
sub-152	3	1	1.018410	1	0	0
sub-152	3	1	1.019880	1	0	0
sub-152	4	1	1.020050	1	0	1
sub-152	9	1	2.153520	1	0	1
sub-152	7	1	1.028610	1	0	1
sub-152	6	1	1.018010	1	0	1
sub-152	10	1	1.018470	1	0	1
sub-152	9	1	1.017650	1	0	1
sub-152	9	1	1.017080	1	0	1
sub-153	2	0	1.790650	1	0	0
sub-153	9	1	1.196970	1	0	0
sub-153	3	1	1.319780	1	0	0
sub-153	4	1	1.292210	1	0	0
sub-153	1	0	1.048140	1	0	0
sub-153	5	1	1.021670	1	0	0
sub-153	4	1	1.211220	1	0	0
sub-153	3	1	1.533940	1	0	0
sub-153	8	1	1.349070	1	0	1
sub-153	8	1	1.354850	1	0	1
sub-153	8	1	1.026920	1	0	1
sub-153	7	1	1.450050	1	0	1
sub-153	1	0	1.355790	1	0	1
sub-153	8	1	1.295190	1	0	1
sub-153	6	1	1.184410	1	0	1
sub-153	9	1	1.140190	1	0	1
sub-153	9	1	1.022680	1	0	0
sub-153	1	0	1.028560	1	0	0
sub-153	2	0	1.017620	1	0	0
sub-153	1	0	1.124870	1	0	0
sub-153	5	1	1.031480	1	0	0
sub-153	3	1	1.389090	1	0	0
sub-153	4	1	2.162300	1	0	0
sub-153	3	0	2.218290	1	0	0
sub-153	8	1	1.254600	1	0	1
sub-153	9	1	1.026740	1	0	1
sub-153	7	1	1.351230	1	0	1
sub-153	10	1	1.023020	1	0	1
sub-153	4	1	1.463120	1	0	1
sub-153	5	1	1.102040	1	0	1
sub-153	7	1	1.024220	1	0	1
sub-153	10	1	1.030260	1	0	1
sub-153	7	1	1.019880	1	0	1
sub-153	10	1	1.025550	1	0	1
sub-153	8	1	1.032860	1	0	1
sub-153	2	0	1.023200	1	0	1
sub-153	9	1	1.196170	1	0	1
sub-153	9	1	1.018500	1	0	1
sub-153	6	1	1.324840	1	0	1
sub-153	7	1	1.030210	1	0	1
sub-153	6	1	1.242980	1	0	0
sub-153	7	1	1.033210	1	0	0
sub-153	3	0	1.023410	1	0	0
sub-153	4	0	1.029190	1	0	0
sub-153	4	0	1.018570	1	0	0
sub-153	4	0	1.024450	1	0	0
sub-153	2	0	1.030140	1	0	0
sub-153	3	0	1.019560	1	0	0
sub-154	10	1	2.287110	1	0	1
sub-154	7	0	2.243050	1	0	1
sub-154	9	1	1.599690	1	0	1
sub-154	7	0	1.021440	1	0	1
sub-154	7	0	1.027210	1	0	1
sub-154	6	0	1.033270	1	0	1
sub-154	10	1	1.023490	1	0	1
sub-154	3	0	1.029360	1	0	1
sub-154	2	0	1.253440	1	0	0
sub-154	1	0	1.025800	1	0	0
sub-154	5	0	1.032880	1	0	0
sub-154	2	0	1.023220	1	0	0
sub-154	9	1	1.896640	1	0	0
sub-154	4	0	1.018340	1	0	0
sub-154	2	0	1.024000	1	0	0
sub-154	4	0	1.030160	1	0	0
sub-154	5	0	2.202240	1	0	1
sub-154	8	1	1.241940	1	0	1
sub-154	8	1	1.049130	1	0	1
sub-154	2	0	1.089430	1	0	1
sub-154	9	1	1.295290	1	0	1
sub-154	9	1	1.568310	1	0	1
sub-154	8	0	1.023460	1	0	1
sub-154	7	0	1.029380	1	0	1
sub-154	2	0	1.569730	1	0	0
sub-154	1	0	1.025000	1	0	0
sub-154	4	0	1.032230	1	0	0
sub-154	2	0	1.022570	1	0	0
sub-154	3	0	1.028270	1	0	0
sub-154	8	0	1.167960	1	0	0
sub-154	6	0	1.757810	1	0	0
sub-154	1	0	1.379950	1	0	0
sub-154	4	0	1.838940	1	0	0
sub-154	1	0	1.528090	1	0	0
sub-154	1	0	1.518520	1	0	0
sub-154	2	0	1.524410	1	0	0
sub-154	5	0	1.730660	1	0	0
sub-154	4	0	1.569680	1	0	0
sub-154	7	0	1.792280	1	0	0
sub-154	1	0	1.798240	1	0	0
sub-154	8	0	2.595700	1	0	1
sub-154	9	1	1.819270	1	0	1
sub-154	8	0	1.524440	1	0	1
sub-154	7	0	1.480440	1	0	1
sub-154	5	0	1.486640	1	0	1
sub-154	9	1	1.526500	1	0	1
sub-154	7	0	1.449120	1	0	1
sub-154	3	0	1.371910	1	0	1
sub-156	2	1	1.329350	1	0	0
sub-156	6	1	1.571130	1	0	0
sub-156	7	1	1.444950	1	0	0
sub-156	2	1	1.450610	1	0	0
sub-156	3	1	1.356720	1	0	0
sub-156	3	1	1.596520	1	0	0
sub-156	2	1	1.518700	1	0	0
sub-156	4	1	1.023850	1	0	0
sub-156	4	1	1.421880	1	0	1
sub-156	5	1	1.328890	1	0	1
sub-156	8	1	1.619390	1	0	1
sub-156	8	1	1.658540	1	0	1
sub-156	10	1	1.482170	1	0	1
sub-156	7	1	1.738110	1	0	1
sub-156	8	1	1.610690	1	0	1
sub-156	8	1	1.350890	1	0	1
sub-156	1	1	1.497310	1	0	0
sub-156	3	1	1.402770	1	0	0
sub-156	2	1	1.626760	1	0	0
sub-156	9	1	1.400120	1	0	0
sub-156	3	1	1.439270	1	0	0
sub-156	6	1	1.346150	1	0	0
sub-156	1	1	1.335980	1	0	0
sub-156	1	1	1.357810	1	0	0
sub-156	10	1	1.412940	1	0	1
sub-156	10	1	1.570080	1	0	1
sub-156	7	1	1.642450	1	0	1
sub-156	8	1	1.533240	1	0	1
sub-156	2	1	1.556290	1	0	1
sub-156	7	1	1.495670	1	0	1
sub-156	6	1	1.518730	1	0	1
sub-156	7	1	1.540850	1	0	1
sub-156	10	1	1.505400	1	0	1
sub-156	10	1	1.362470	1	0	1
sub-156	1	1	1.386070	1	0	1
sub-156	6	1	1.491660	1	0	1
sub-156	7	1	1.447500	1	0	1
sub-156	7	1	1.837030	1	0	1
sub-156	7	1	1.576030	1	0	1
sub-156	8	1	1.446640	1	0	1
sub-156	2	1	1.529470	1	0	0
sub-156	3	1	2.069190	1	0	0
sub-156	1	1	1.858150	1	0	0
sub-156	8	1	1.363600	1	0	0
sub-156	5	1	1.920270	1	0	0
sub-156	2	1	1.442260	1	0	0
sub-156	2	1	1.615080	1	0	0
sub-156	3	1	1.554220	1	0	0
sub-155	3	0	1.364340	1	0	0
sub-155	8	0	1.488500	1	0	0
sub-155	1	0	1.460660	1	0	0
sub-155	4	0	1.516840	1	0	0
sub-155	3	0	1.490520	1	0	0
sub-155	3	0	1.446370	1	0	0
sub-155	3	0	1.369030	1	0	0
sub-155	5	0	1.341350	1	0	0
sub-155	6	0	1.546180	1	0	1
sub-155	8	0	1.271000	1	0	1
sub-155	7	0	1.443210	1	0	1
sub-155	9	0	1.332350	1	0	1
sub-155	9	0	1.255410	1	0	1
sub-155	8	0	1.377460	1	0	1
sub-155	9	0	1.417880	1	0	1
sub-155	4	0	1.407170	1	0	1
sub-155	9	0	1.468660	1	0	1
sub-155	9	0	1.393730	1	0	1
sub-155	6	0	1.583220	1	0	1
sub-155	7	0	1.372160	1	0	1
sub-155	10	1	1.411770	1	0	1
sub-155	7	0	1.534360	1	0	1
sub-155	9	0	1.306670	1	0	1
sub-155	1	0	1.429470	1	0	1
sub-155	1	0	1.632860	1	0	0
sub-155	3	0	1.288730	1	0	0
sub-155	8	0	1.412580	1	0	0
sub-155	3	0	1.468410	1	0	0
sub-155	4	0	1.375610	1	0	0
sub-155	6	0	1.465780	1	0	0
sub-155	4	0	1.571690	1	0	0
sub-155	1	0	1.377750	1	0	0
sub-155	1	0	1.419790	1	0	1
sub-155	7	0	1.293400	1	0	1
sub-155	8	0	1.351050	1	0	1
sub-155	6	0	1.440240	1	0	1
sub-155	7	0	1.045900	1	0	1
sub-155	7	0	1.018220	1	0	1
sub-155	8	0	1.024110	1	0	1
sub-155	8	0	1.029970	1	0	1
sub-155	4	0	1.029170	1	0	0
sub-155	3	0	1.051790	1	0	0
sub-155	1	0	1.024080	1	0	0
sub-155	3	0	1.030360	1	0	0
sub-155	1	0	1.019460	1	0	0
sub-155	7	0	1.025410	1	0	0
sub-155	6	0	1.364920	1	0	0
sub-155	1	0	1.354100	1	0	0
sub-157	4	1	1.092060	1	0	0
sub-157	4	1	1.399190	1	0	0
sub-157	5	1	1.405390	1	0	0
sub-157	3	1	2.195190	1	0	0
sub-157	1	0	1.107130	1	0	0
sub-157	9	1	1.430090	1	0	0
sub-157	3	1	1.902880	1	0	0
sub-157	4	1	1.654320	1	0	0
sub-157	4	1	1.409850	1	0	0
sub-157	1	0	1.400320	1	0	0
sub-157	8	1	1.431070	1	0	0
sub-157	6	1	1.337150	1	0	0
sub-157	3	1	1.443220	1	0	0
sub-157	2	0	2.749960	1	0	0
sub-157	2	0	1.322280	1	0	0
sub-157	8	1	1.491940	1	0	1
sub-157	10	1	1.297930	1	0	1
sub-157	5	1	1.356120	1	0	1
sub-157	9	1	1.395350	1	0	1
sub-157	10	1	1.317700	1	0	1
sub-157	7	1	1.357130	1	0	1
sub-157	2	0	1.596810	1	0	1
sub-157	7	1	1.335630	1	0	1
sub-157	8	1	1.020210	1	0	1
sub-157	5	1	1.261030	1	0	1
sub-157	8	1	1.350290	1	0	1
sub-157	10	1	1.356330	1	0	1
sub-157	8	1	1.378600	1	0	1
sub-157	9	1	1.401650	1	0	1
sub-157	8	1	1.207360	1	0	1
sub-157	1	0	1.596810	1	0	1
sub-157	5	0	2.603710	1	0	0
sub-157	4	1	1.224610	1	0	0
sub-157	2	0	1.198580	1	0	0
sub-157	1	0	1.071080	1	0	0
sub-157	3	1	1.343810	1	0	0
sub-157	4	1	1.016970	1	0	0
sub-157	2	0	1.407690	1	0	0
sub-157	9	1	1.398130	1	0	0
sub-157	6	1	1.509610	1	0	1
sub-157	7	1	1.464980	1	0	1
sub-157	10	1	1.388770	1	0	1
sub-157	4	1	1.611280	1	0	1
sub-157	10	1	1.418420	1	0	1
sub-157	10	1	1.307700	1	0	1
sub-157	10	1	1.046460	1	0	1
sub-157	8	1	1.019010	1	0	1
sub-158	3	0	1.687060	1	0	0
sub-158	2	0	2.011350	1	0	0
sub-158	3	0	2.317540	1	0	0
sub-158	4	0	1.756200	1	0	0
sub-158	7	0	2.262430	1	0	0
sub-158	5	0	2.202140	1	0	0
sub-158	2	0	1.744910	1	0	0
sub-158	9	1	1.156910	1	0	1
sub-158	7	0	2.681710	1	0	1
sub-158	10	1	1.436550	1	0	1
sub-158	8	1	1.609140	1	0	1
sub-158	10	1	1.399340	1	0	1
sub-158	6	0	1.255150	1	0	1
sub-158	4	0	1.944940	1	0	1
sub-158	8	1	1.417120	1	0	1
sub-158	1	0	1.920610	1	0	0
sub-158	2	0	1.292400	1	0	0
sub-158	5	0	1.866160	1	0	0
sub-158	4	0	2.355990	1	0	0
sub-158	3	0	2.078100	1	0	0
sub-158	8	1	1.384960	1	0	0
sub-158	4	0	1.506970	1	0	0
sub-158	4	0	2.280410	1	0	0
sub-158	10	1	1.459300	1	0	1
sub-158	8	0	1.749640	1	0	1
sub-158	8	1	1.172890	1	0	1
sub-158	7	0	1.446580	1	0	1
sub-158	2	0	1.736060	1	0	1
sub-158	7	1	1.826450	1	0	1
sub-158	10	1	1.748970	1	0	1
sub-158	5	0	1.521320	1	0	1
sub-158	1	0	1.023110	1	0	0
sub-158	10	1	1.396250	1	0	0
sub-158	1	0	1.937610	1	0	0
sub-158	1	0	1.810850	1	0	0
sub-158	3	0	2.200540	1	0	0
sub-158	1	0	1.389010	1	0	0
sub-158	6	0	1.478690	1	0	0
sub-158	1	0	1.100720	1	0	0
sub-158	10	1	1.515230	1	0	1
sub-158	4	0	1.454440	1	0	1
sub-158	6	0	1.394740	1	0	1
sub-158	8	1	1.433910	1	0	1
sub-158	10	1	1.556610	1	0	1
sub-158	9	1	1.545650	1	0	1
sub-158	8	1	1.701810	1	0	1
sub-158	7	1	1.607470	1	0	1
sub-159	8	1	1.611660	1	0	1
sub-159	9	1	1.252660	1	0	1
sub-159	6	0	1.377250	1	0	1
sub-159	4	0	1.017640	1	0	1
sub-159	8	0	2.042190	1	0	1
sub-159	10	1	1.197330	1	0	1
sub-159	7	0	1.286480	1	0	1
sub-159	9	1	1.075450	1	0	1
sub-159	1	0	1.257070	1	0	0
sub-159	4	0	1.280600	1	0	0
sub-159	6	0	1.103110	1	0	0
sub-159	4	0	1.025450	1	0	0
sub-159	1	0	1.298410	1	0	0
sub-159	4	0	1.255260	1	0	0
sub-159	3	0	1.144300	1	0	0
sub-159	9	1	1.450370	1	0	0
sub-159	8	0	1.546040	1	0	1
sub-159	5	0	1.301980	1	0	1
sub-159	4	0	1.224650	1	0	1
sub-159	8	0	1.347410	1	0	1
sub-159	7	0	1.086160	1	0	1
sub-159	7	0	1.442380	1	0	1
sub-159	9	1	1.114810	1	0	1
sub-159	7	0	1.337380	1	0	1
sub-159	8	1	1.334850	1	0	0
sub-159	3	0	1.023750	1	0	0
sub-159	4	0	1.063220	1	0	0
sub-159	5	0	1.053470	1	0	0
sub-159	2	0	1.025540	1	0	0
sub-159	2	0	1.031860	1	0	0
sub-159	4	0	1.272610	1	0	0
sub-159	2	0	1.078160	1	0	0
sub-159	5	0	1.116110	1	0	0
sub-159	3	0	1.020800	1	0	0
sub-159	2	0	1.144820	1	0	0
sub-159	3	0	1.033600	1	0	0
sub-159	3	0	1.124230	1	0	0
sub-159	8	1	2.364570	1	0	0
sub-159	1	0	1.019520	1	0	0
sub-159	4	0	1.308780	1	0	0
sub-159	2	0	1.019020	1	0	1
sub-159	5	0	1.025420	1	0	1
sub-159	7	1	1.432610	1	0	1
sub-159	10	1	1.137960	1	0	1
sub-159	8	1	1.060750	1	0	1
sub-159	8	1	1.099790	1	0	1
sub-159	7	1	1.022620	1	0	1
sub-159	7	1	1.028060	1	0	1
