subjID	offer	accept	response_time	human	ingroup	block_fair	run
sub-106	3	0	1.06745	1	0	0	1
sub-106	2	0	0.56093	1	0	0	1
sub-106	4	0	0.42044	1	0	0	1
sub-106	2	0	0.54413	1	0	0	1
sub-106	4	0	0.494	1	0	0	1
sub-106	6	1	0.78594	1	0	0	1
sub-106	4	0	0.25812	1	0	0	1
sub-106	10	1	0.34166	1	0	0	1
sub-106	7	1	0.53621	1	0	1	1
sub-106	5	0	0.41046	1	0	1	1
sub-106	10	1	0.02033	1	0	1	1
sub-106	10	1	0.37983	1	0	1	1
sub-106	8	1	0.2049	1	0	1	1
sub-106	3	0	0.01945	1	0	1	1
sub-106	10	1	0.0278499999999999	1	0	1	1
sub-106	10	1	0.25503	1	0	1	1
sub-106	8	1	0.39347	1	0	1	1
sub-106	9	1	0.36493	1	0	1	1
sub-106	7	1	0.9853	1	0	1	1
sub-106	8	1	0.24661	1	0	1	1
sub-106	2	0	0.0285	1	0	1	1
sub-106	5	0	0.0566199999999999	1	0	1	1
sub-106	9	1	0.24085	1	0	1	1
sub-106	9	1	0.0235399999999999	1	0	1	1
sub-106	3	0	0.37831	1	0	0	1
sub-106	4	0	0.38636	1	0	0	1
sub-106	5	0	0.0247200000000001	1	0	0	1
sub-106	9	1	0.26125	1	0	0	1
sub-106	2	0	0.28887	1	0	0	1
sub-106	1	0	0.02538	1	0	0	1
sub-106	1	0	0.02058	1	0	0	1
sub-106	1	0	0.0280199999999999	1	0	0	1
sub-106	10	1	0.72729	1	0	1	2
sub-106	7	1	0.38326	1	0	1	2
sub-106	9	1	0.02121	1	0	1	2
sub-106	9	1	0.263	1	0	1	2
sub-106	3	0	0.23828	1	0	1	2
sub-106	8	0	0.0190300000000001	1	0	1	2
sub-106	5	0	0.3617	1	0	1	2
sub-106	7	1	0.0948199999999999	1	0	1	2
sub-106	4	0	0.37365	1	0	0	2
sub-106	1	0	0.31589	1	0	0	2
sub-106	9	1	0.30655	1	0	0	2
sub-106	2	0	0.38757	1	0	0	2
sub-106	1	0	0.0499799999999999	1	0	0	2
sub-106	5	0	0.75299	1	0	0	2
sub-106	4	0	0.40082	1	0	0	2
sub-106	3	0	0.03233	1	0	0	2
sub-109	5	1	1.60534	1	0	1	1
sub-109	10	1	0.38356	1	0	1	1
sub-109	8	1	1.01899	1	0	1	1
sub-109	10	1	0.71702	1	0	1	1
sub-109	8	1	0.60508	1	0	1	1
sub-109	10	1	0.76476	1	0	1	1
sub-109	2	1	1.34071	1	0	1	1
sub-109	8	1	0.8808	1	0	1	1
sub-109	6	1	1.04018	1	0	0	1
sub-109	3	1	1.86638	1	0	0	1
sub-109	1	0	1.78265	1	0	0	1
sub-109	2	1	0.99855	1	0	0	1
sub-109	8	1	0.77617	1	0	0	1
sub-109	2	1	0.47303	1	0	0	1
sub-109	3	1	0.51062	1	0	0	1
sub-109	2	1	1.31259	1	0	1	1
sub-109	8	1	1.03626	1	0	1	1
sub-109	6	1	0.76573	1	0	1	1
sub-109	10	1	0.93301	1	0	1	1
sub-109	7	1	0.25397	1	0	1	1
sub-109	9	1	0.40647	1	0	1	1
sub-109	10	1	1.06098	1	0	1	1
sub-109	3	1	1.56351	1	0	0	1
sub-109	4	1	0.70283	1	0	0	1
sub-109	7	1	0.34356	1	0	0	1
sub-109	3	1	1.85633	1	0	0	1
sub-109	2	1	0.38246	1	0	0	1
sub-109	4	1	1.51582	1	0	0	1
sub-109	2	1	0.36619	1	0	0	1
sub-109	7	1	1.58041	1	0	1	2
sub-109	7	1	0.39774	1	0	1	2
sub-109	1	0	0.27585	1	0	1	2
sub-109	8	1	0.37722	1	0	1	2
sub-109	7	1	1.81049	1	0	1	2
sub-109	10	1	0.43227	1	0	1	2
sub-109	7	1	0.30862	1	0	1	2
sub-109	6	1	0.06566	1	0	1	2
sub-109	2	1	0.49792	1	0	0	2
sub-109	1	0	0.0351699999999999	1	0	0	2
sub-109	4	1	0.67393	1	0	0	2
sub-109	3	1	1.3579	1	0	0	2
sub-109	3	1	0.28838	1	0	0	2
sub-109	9	1	0.48947	1	0	0	2
sub-110	3	0	0.18654	1	0	0	1
sub-110	5	1	0.0281199999999999	1	0	0	1
sub-110	9	1	0.01695	1	0	0	1
sub-110	2	0	0.02383	1	0	0	1
sub-110	1	0	0.03095	1	0	0	1
sub-110	2	1	0.0173399999999999	1	0	0	1
sub-110	1	0	0.02118	1	0	0	1
sub-110	3	0	0.03061	1	0	0	1
sub-110	10	1	0.03234	1	0	1	1
sub-110	3	0	0.0223500000000001	1	0	1	1
sub-110	9	1	0.0315099999999999	1	0	1	1
sub-110	9	1	0.02234	1	0	1	1
sub-110	7	1	0.0268600000000001	1	0	1	1
sub-110	9	1	0.03226	1	0	1	1
sub-110	6	1	0.0218700000000001	1	0	1	1
sub-110	9	1	0.0288900000000001	1	0	1	1
sub-110	5	1	0.0646199999999999	1	0	1	1
sub-110	7	1	0.02214	1	0	1	1
sub-110	9	1	0.0297499999999999	1	0	1	1
sub-110	7	1	0.0183500000000001	1	0	1	1
sub-110	9	1	0.0249699999999999	1	0	1	1
sub-110	10	1	0.0328999999999999	1	0	1	1
sub-110	2	0	0.0208699999999999	1	0	1	1
sub-110	10	1	0.0276700000000001	1	0	1	1
sub-110	6	1	0.06274	1	0	0	1
sub-110	2	0	0.0214300000000001	1	0	0	1
sub-110	7	1	0.02813	1	0	0	1
sub-110	1	0	0.03342	1	0	0	1
sub-110	3	0	0.0235099999999999	1	0	0	1
sub-110	1	0	0.0289200000000001	1	0	0	1
sub-110	4	1	0.0206599999999999	1	0	0	1
sub-110	3	1	0.0274099999999999	1	0	0	1
sub-110	3	1	0.01813	1	0	1	2
sub-110	7	1	0.0265500000000001	1	0	1	2
sub-110	7	1	0.03298	1	0	1	2
sub-110	7	1	0.02372	1	0	1	2
sub-110	10	1	0.0308299999999999	1	0	1	2
sub-110	5	0	0.02	1	0	1	2
sub-110	8	1	0.02738	1	0	1	2
sub-110	9	1	0.0302100000000001	1	0	1	2
sub-110	2	1	0.04542	1	0	0	2
sub-110	4	1	0.01901	1	0	0	2
sub-110	3	0	0.0289699999999999	1	0	0	2
sub-110	2	0	0.0336399999999999	1	0	0	2
sub-110	2	0	0.0199400000000001	1	0	0	2
sub-110	10	1	0.0279100000000001	1	0	0	2
sub-110	6	1	0.03305	1	0	0	2
sub-110	2	0	0.0241800000000001	1	0	0	2
sub-105	2	0	1.62583	1	0	0	1
sub-105	2	0	1.24474	1	0	0	1
sub-105	2	0	1.49753	1	0	0	1
sub-105	6	1	0.61842	1	0	0	1
sub-105	9	1	0.48054	1	0	0	1
sub-105	4	1	0.55544	1	0	0	1
sub-105	2	0	0.47326	1	0	0	1
sub-105	2	0	0.53166	1	0	0	1
sub-105	9	1	0.79063	1	0	1	1
sub-105	7	1	0.63709	1	0	1	1
sub-105	4	1	0.80131	1	0	1	1
sub-105	7	1	0.51922	1	0	1	1
sub-105	8	1	0.47383	1	0	1	1
sub-105	8	1	0.46462	1	0	1	1
sub-105	9	1	0.47278	1	0	1	1
sub-105	5	1	0.87818	1	0	1	1
sub-105	9	1	1.03429	1	0	1	1
sub-105	4	1	0.58483	1	0	1	1
sub-105	10	1	0.45823	1	0	1	1
sub-105	5	1	1.1182	1	0	1	1
sub-105	9	1	0.45067	1	0	1	1
sub-105	10	1	0.49416	1	0	1	1
sub-105	8	1	0.49619	1	0	1	1
sub-105	9	1	0.43442	1	0	1	1
sub-105	1	0	0.52187	1	0	0	1
sub-105	5	1	0.77511	1	0	0	1
sub-105	8	1	0.41959	1	0	0	1
sub-105	2	0	0.51949	1	0	0	1
sub-105	4	0	1.80109	1	0	0	1
sub-105	2	1	1.99259	1	0	0	1
sub-105	1	0	0.41996	1	0	0	1
sub-105	2	0	0.3712	1	0	0	1
sub-105	9	1	0.7121	1	0	1	2
sub-105	3	1	0.93634	1	0	1	2
sub-105	10	1	0.46841	1	0	1	2
sub-105	7	1	0.42901	1	0	1	2
sub-105	10	1	0.46286	1	0	1	2
sub-105	9	1	0.44391	1	0	1	2
sub-105	5	1	0.58091	1	0	1	2
sub-105	7	1	0.44826	1	0	1	2
sub-105	8	1	0.72839	1	0	0	2
sub-105	4	1	0.97557	1	0	0	2
sub-105	1	0	0.41498	1	0	0	2
sub-105	3	1	1.23336	1	0	0	2
sub-105	1	0	0.59777	1	0	0	2
sub-105	4	1	1.18786	1	0	0	2
sub-105	4	1	0.96018	1	0	0	2
sub-105	5	1	0.48938	1	0	0	2
sub-108	7	1	0.49664	1	0	1	1
sub-108	10	1	0.38793	1	0	1	1
sub-108	10	1	0.3736	1	0	1	1
sub-108	9	1	0.40512	1	0	1	1
sub-108	6	1	0.4891	1	0	1	1
sub-108	1	0	0.47125	1	0	1	1
sub-108	10	1	0.3705	1	0	1	1
sub-108	10	1	0.43715	1	0	1	1
sub-108	3	0	0.0294399999999999	1	0	0	1
sub-108	4	0	0.02935	1	0	0	1
sub-108	4	0	0.0301100000000001	1	0	0	1
sub-108	6	0	0.0288600000000001	1	0	0	1
sub-108	4	0	0.0270699999999999	1	0	0	1
sub-108	4	1	0.0258	1	0	0	1
sub-108	9	1	0.03026	1	0	0	1
sub-108	4	0	0.02539	1	0	0	1
sub-108	2	0	0.0170399999999999	1	0	0	2
sub-108	2	0	0.02515	1	0	0	2
sub-108	1	0	0.02569	1	0	0	2
sub-108	4	0	0.02356	1	0	0	2
sub-108	10	1	0.0222599999999999	1	0	0	2
sub-108	6	1	0.0221499999999999	1	0	0	2
sub-108	1	0	0.0272600000000001	1	0	0	2
sub-108	3	0	0.0190999999999999	1	0	0	2
sub-108	8	1	0.02915	1	0	1	2
sub-108	9	1	0.02858	1	0	1	2
sub-108	9	1	0.02864	1	0	1	2
sub-108	10	1	0.0293699999999999	1	0	1	2
sub-108	8	1	0.0230999999999999	1	0	1	2
sub-108	10	1	0.0288600000000001	1	0	1	2
sub-108	4	0	0.02894	1	0	1	2
sub-108	6	1	0.0252600000000001	1	0	1	2
sub-108	8	1	0.0183199999999999	1	0	1	2
sub-108	6	1	0.03024	1	0	1	2
sub-108	7	1	0.02193	1	0	1	2
sub-108	7	1	0.0214000000000001	1	0	1	2
sub-108	10	1	0.0215000000000001	1	0	1	2
sub-108	7	1	0.0211300000000001	1	0	1	2
sub-108	7	1	0.02014	1	0	1	2
sub-108	1	0	0.0186	1	0	1	2
sub-108	3	0	0.0224800000000001	1	0	0	2
sub-108	8	1	0.0223500000000001	1	0	0	2
sub-108	4	0	0.0209699999999999	1	0	0	2
sub-108	1	0	0.0182500000000001	1	0	0	2
sub-108	4	0	0.0248600000000001	1	0	0	2
sub-108	4	0	0.01736	1	0	0	2
sub-108	1	0	0.0320499999999999	1	0	0	2
sub-108	5	1	0.0316700000000001	1	0	0	2
sub-107	9	1	1.1715	1	0	1	1
sub-107	9	1	1.08123	1	0	1	1
sub-107	10	1	0.85583	1	0	1	1
sub-107	6	0	0.3948	1	0	1	1
sub-107	9	1	0.55291	1	0	1	1
sub-107	3	0	0.37427	1	0	1	1
sub-107	8	1	0.79924	1	0	1	1
sub-107	8	1	0.79483	1	0	1	1
sub-107	4	0	0.90356	1	0	0	1
sub-107	2	0	0.47341	1	0	0	1
sub-107	4	0	1.49911	1	0	0	1
sub-107	2	0	0.28704	1	0	0	1
sub-107	1	0	0.27813	1	0	0	1
sub-107	8	1	0.31685	1	0	0	1
sub-107	4	0	0.60696	1	0	0	1
sub-107	5	0	0.38039	1	0	0	1
sub-107	2	0	0.35159	1	0	0	2
sub-107	2	0	0.30813	1	0	0	2
sub-107	4	1	0.61576	1	0	0	2
sub-107	9	1	0.25306	1	0	0	2
sub-107	1	0	0.439	1	0	0	2
sub-107	5	1	1.3828	1	0	0	2
sub-107	2	0	0.17027	1	0	0	2
sub-107	3	0	0.30508	1	0	0	2
sub-107	10	1	0.3497	1	0	1	2
sub-107	7	1	0.98293	1	0	1	2
sub-107	10	1	0.16352	1	0	1	2
sub-107	5	1	0.87662	1	0	1	2
sub-107	7	1	0.61394	1	0	1	2
sub-107	9	1	0.29774	1	0	1	2
sub-107	7	1	0.7778	1	0	1	2
sub-107	2	0	0.82733	1	0	1	2
sub-107	8	1	0.09972	1	0	1	2
sub-107	5	0	0.25536	1	0	1	2
sub-107	10	1	0.08205	1	0	1	2
sub-107	10	1	0.2881	1	0	1	2
sub-107	8	0	0.46286	1	0	1	2
sub-107	9	1	0.50144	1	0	1	2
sub-107	8	1	0.29242	1	0	1	2
sub-107	6	0	0.69464	1	0	0	2
sub-107	4	0	0.0322899999999999	1	0	0	2
sub-107	3	0	0.18906	1	0	0	2
sub-107	9	1	0.29348	1	0	0	2
sub-107	3	0	0.03301	1	0	0	2
sub-107	1	0	0.49998	1	0	0	2
sub-107	1	0	0.0288299999999999	1	0	0	2
sub-107	3	0	0.31729	1	0	0	2
sub-111	6	0	1.67311	1	0	1	1
sub-111	9	1	0.40857	1	0	1	1
sub-111	7	1	0.0636000000000001	1	0	1	1
sub-111	7	1	0.0529299999999999	1	0	1	1
sub-111	7	1	0.22972	1	0	1	1
sub-111	9	1	0.20303	1	0	1	1
sub-111	1	0	0.26772	1	0	1	1
sub-111	2	0	0.45454	1	0	0	1
sub-111	3	0	0.0317499999999999	1	0	0	1
sub-111	2	0	0.0330999999999999	1	0	0	1
sub-111	3	1	0.20708	1	0	0	1
sub-111	2	0	0.03094	1	0	0	1
sub-111	6	1	0.03064	1	0	0	1
sub-111	2	0	0.0305	1	0	0	1
sub-111	8	1	0.30439	1	0	0	1
sub-111	5	1	1.33212	1	0	0	1
sub-111	1	0	0.0247999999999999	1	0	0	1
sub-111	8	1	0.0250900000000001	1	0	0	1
sub-111	1	0	0.0331699999999999	1	0	0	1
sub-111	2	0	0.02562	1	0	0	1
sub-111	1	0	0.0315399999999999	1	0	0	1
sub-111	3	1	0.0182599999999999	1	0	0	1
sub-111	2	0	0.71041	1	0	0	1
sub-111	4	1	1.01921	1	0	1	1
sub-111	10	1	0.0246599999999999	1	0	1	1
sub-111	7	1	0.0291399999999999	1	0	1	1
sub-111	7	1	0.0211600000000001	1	0	1	1
sub-111	7	1	0.05881	1	0	1	1
sub-111	7	1	0.01759	1	0	1	1
sub-111	5	1	0.72667	1	0	1	1
sub-111	8	1	0.0317099999999999	1	0	1	1
sub-111	10	1	0.02295	1	0	1	2
sub-111	9	1	0.0315300000000001	1	0	1	2
sub-111	5	1	0.03304	1	0	1	2
sub-111	4	1	0.0298799999999999	1	0	1	2
sub-111	8	1	0.0213000000000001	1	0	1	2
sub-111	7	1	0.02688	1	0	1	2
sub-111	7	1	0.01759	1	0	1	2
sub-111	8	1	0.0175000000000001	1	0	1	2
sub-111	3	1	1.13739	1	0	0	2
sub-111	3	1	0.0225200000000001	1	0	0	2
sub-111	3	1	0.0303100000000001	1	0	0	2
sub-111	1	0	0.13849	1	0	0	2
sub-111	10	1	0.0296700000000001	1	0	0	2
sub-111	3	1	0.01722	1	0	0	2
sub-111	5	1	0.0251699999999999	1	0	0	2
sub-111	1	1	0.21805	1	0	0	2
sub-112	4	1	1.11567	1	0	0	1
sub-112	3	1	0.60537	1	0	0	1
sub-112	3	1	0.92957	1	0	0	1
sub-112	6	1	1.08561	1	0	0	1
sub-112	8	1	0.82455	1	0	0	1
sub-112	4	1	0.79718	1	0	0	1
sub-112	3	1	0.58728	1	0	0	1
sub-112	1	0	0.34307	1	0	0	1
sub-112	1	0	0.42824	1	0	1	1
sub-112	7	1	0.51789	1	0	1	1
sub-112	7	1	0.44273	1	0	1	1
sub-112	10	1	0.49842	1	0	1	1
sub-112	10	1	0.92147	1	0	1	1
sub-112	5	1	0.66142	1	0	1	1
sub-112	7	1	0.43393	1	0	1	1
sub-112	8	1	0.79033	1	0	1	1
sub-112	8	1	0.46493	1	0	1	2
sub-112	7	1	0.48877	1	0	1	2
sub-112	7	1	0.72395	1	0	1	2
sub-112	3	0	0.42925	1	0	1	2
sub-112	6	1	0.45171	1	0	1	2
sub-112	8	1	0.39082	1	0	1	2
sub-112	7	1	0.58131	1	0	1	2
sub-112	10	1	0.3371	1	0	1	2
sub-112	4	1	0.5999	1	0	0	2
sub-112	2	0	0.33857	1	0	0	2
sub-112	9	1	0.36127	1	0	0	2
sub-112	4	1	0.78541	1	0	0	2
sub-112	6	1	0.92498	1	0	0	2
sub-112	1	0	0.33089	1	0	0	2
sub-112	3	0	0.95558	1	0	0	2
sub-112	4	1	0.41172	1	0	0	2
sub-112	7	1	0.4832	1	0	1	2
sub-112	7	1	0.07422	1	0	1	2
sub-112	9	1	0.41392	1	0	1	2
sub-112	8	1	0.38648	1	0	1	2
sub-112	9	1	0.45918	1	0	1	2
sub-112	2	0	0.41516	1	0	1	2
sub-112	5	1	0.62089	1	0	1	2
sub-112	9	1	0.59377	1	0	1	2
sub-112	1	0	0.38146	1	0	0	2
sub-112	8	1	0.15228	1	0	0	2
sub-112	4	1	0.60842	1	0	0	2
sub-112	6	1	0.61455	1	0	0	2
sub-112	3	0	0.32005	1	0	0	2
sub-112	4	1	0.59243	1	0	0	2
sub-112	3	0	0.36512	1	0	0	2
sub-112	4	1	0.68827	1	0	0	2
sub-113	3	0	0.70438	1	0	0	1
sub-113	7	1	0.6118	1	0	0	1
sub-113	2	0	0.41978	1	0	0	1
sub-113	6	1	0.90913	1	0	0	1
sub-113	4	0	0.5816	1	0	0	1
sub-113	4	0	0.52076	1	0	0	1
sub-113	1	0	0.46037	1	0	0	1
sub-113	1	0	0.48256	1	0	0	1
sub-113	5	1	0.96658	1	0	1	1
sub-113	8	1	0.89067	1	0	1	1
sub-113	10	1	0.64744	1	0	1	1
sub-113	4	0	0.41985	1	0	1	1
sub-113	10	1	0.64232	1	0	1	1
sub-113	9	1	0.49923	1	0	1	1
sub-113	10	1	0.45527	1	0	1	1
sub-113	7	1	1.49618	1	0	1	1
sub-113	9	1	0.74814	1	0	1	2
sub-113	10	1	0.4722	1	0	1	2
sub-113	8	1	0.49544	1	0	1	2
sub-113	8	1	0.41816	1	0	1	2
sub-113	5	1	0.84086	1	0	1	2
sub-113	9	1	0.41328	1	0	1	2
sub-113	7	1	0.46929	1	0	1	2
sub-113	4	0	0.42611	1	0	1	2
sub-113	10	1	0.63061	1	0	1	2
sub-113	9	1	0.58654	1	0	1	2
sub-113	10	1	0.37838	1	0	1	2
sub-113	9	1	0.41753	1	0	1	2
sub-113	6	1	0.15676	1	0	1	2
sub-113	3	0	0.39689	1	0	1	2
sub-113	8	1	0.61967	1	0	1	2
sub-113	8	1	0.60884	1	0	1	2
sub-113	4	0	0.55912	1	0	0	2
sub-113	5	0	0.34833	1	0	0	2
sub-113	3	0	0.35421	1	0	0	2
sub-113	1	0	0.36045	1	0	0	2
sub-113	8	1	0.45056	1	0	0	2
sub-113	1	0	0.55662	1	0	0	2
sub-113	3	0	0.67944	1	0	0	2
sub-113	3	0	0.73534	1	0	0	2
sub-113	8	1	0.0505899999999999	1	0	0	2
sub-113	4	0	0.39048	1	0	0	2
sub-113	3	0	0.56516	1	0	0	2
sub-113	3	0	0.45406	1	0	0	2
sub-113	2	0	0.4448	1	0	0	2
sub-113	1	0	0.48366	1	0	0	2
sub-113	6	1	1.07342	1	0	0	2
sub-113	1	0	0.5623	1	0	0	2
sub-115	8	1	0.67942	1	0	1	1
sub-115	1	0	1.13559	1	0	1	1
sub-115	8	1	0.66052	1	0	1	1
sub-115	7	1	1.16613	1	0	1	1
sub-115	8	1	0.57357	1	0	1	1
sub-115	9	1	0.46122	1	0	1	1
sub-115	5	1	0.48436	1	0	1	1
sub-115	7	0	0.52565	1	0	1	1
sub-115	1	1	0.57378	1	0	0	1
sub-115	1	1	0.53269	1	0	0	1
sub-115	1	1	0.90568	1	0	0	1
sub-115	1	1	1.24462	1	0	0	1
sub-115	1	0	0.46802	1	0	0	1
sub-115	4	0	0.5563	1	0	0	1
sub-115	5	1	0.49712	1	0	0	1
sub-115	10	1	0.71882	1	0	0	1
sub-115	10	1	0.56373	1	0	1	1
sub-115	3	0	0.80545	1	0	1	1
sub-115	9	1	0.47837	1	0	1	1
sub-115	7	0	0.90286	1	0	1	1
sub-115	8	1	0.42679	1	0	1	1
sub-115	9	1	0.56161	1	0	1	1
sub-115	8	1	0.48633	1	0	1	1
sub-115	6	0	0.42423	1	0	1	1
sub-115	4	0	0.80749	1	0	0	1
sub-115	3	1	0.3827	1	0	0	1
sub-115	7	0	0.4408	1	0	0	1
sub-115	4	0	0.6132	1	0	0	1
sub-115	5	1	0.44967	1	0	0	1
sub-115	2	0	0.4572	1	0	0	1
sub-115	3	1	0.54656	1	0	0	1
sub-115	3	1	0.40335	1	0	0	1
sub-115	4	0	0.40332	1	0	0	2
sub-115	3	1	0.43121	1	0	0	2
sub-115	1	1	0.62227	1	0	0	2
sub-115	3	1	0.42752	1	0	0	2
sub-115	5	1	0.40107	1	0	0	2
sub-115	1	1	0.49048	1	0	0	2
sub-115	10	1	0.53014	1	0	0	2
sub-115	3	1	0.40383	1	0	0	2
sub-115	7	0	0.42818	1	0	1	2
sub-115	8	1	0.53508	1	0	1	2
sub-115	6	0	0.59354	1	0	1	2
sub-115	2	0	0.61464	1	0	1	2
sub-115	7	0	0.45532	1	0	1	2
sub-115	7	0	0.41121	1	0	1	2
sub-115	8	1	0.49991	1	0	1	2
sub-115	9	1	0.50803	1	0	1	2
sub-116	6	1	0.04643	1	0	0	1
sub-116	3	0	1.17723	1	0	0	1
sub-116	1	0	0.49356	1	0	0	1
sub-116	9	1	0.54443	1	0	0	1
sub-116	3	0	0.56027	1	0	0	1
sub-116	3	0	0.43894	1	0	0	1
sub-116	2	0	0.36624	1	0	0	1
sub-116	10	1	0.3722	1	0	1	1
sub-116	7	1	0.32071	1	0	1	1
sub-116	4	0	0.28876	1	0	1	1
sub-116	6	0	0.4233	1	0	1	1
sub-116	8	1	0.3044	1	0	1	1
sub-116	8	1	0.28838	1	0	1	1
sub-116	7	1	0.28952	1	0	1	1
sub-116	10	1	0.32308	1	0	1	1
sub-116	2	0	0.33223	1	0	0	1
sub-116	4	0	0.31103	1	0	0	1
sub-116	7	1	0.3099	1	0	0	1
sub-116	3	0	0.34143	1	0	0	1
sub-116	6	0	0.62184	1	0	0	1
sub-116	2	0	0.30646	1	0	0	1
sub-116	2	0	0.32274	1	0	0	1
sub-116	2	0	0.33766	1	0	0	1
sub-116	9	1	0.45135	1	0	1	1
sub-116	8	1	0.29957	1	0	1	1
sub-116	8	1	0.35139	1	0	1	1
sub-116	6	0	0.33659	1	0	1	1
sub-116	9	1	0.26561	1	0	1	1
sub-116	3	0	0.28367	1	0	1	1
sub-116	9	1	0.34973	1	0	1	1
sub-116	7	1	0.38308	1	0	1	1
sub-116	2	0	0.34708	1	0	0	2
sub-116	1	0	0.0287500000000001	1	0	0	2
sub-116	10	1	0.34419	1	0	0	2
sub-116	1	0	0.32536	1	0	0	2
sub-116	1	0	0.35858	1	0	0	2
sub-116	6	0	0.3378	1	0	0	2
sub-116	1	0	0.33266	1	0	0	2
sub-116	4	0	0.50289	1	0	0	2
sub-116	9	1	0.42261	1	0	1	2
sub-116	5	0	0.40491	1	0	1	2
sub-116	8	1	0.30365	1	0	1	2
sub-116	8	1	0.33725	1	0	1	2
sub-116	7	1	0.33238	1	0	1	2
sub-116	10	1	0.3438	1	0	1	2
sub-116	9	1	0.32636	1	0	1	2
sub-116	3	0	0.40942	1	0	1	2
sub-117	3	1	0.93465	1	0	0	1
sub-117	2	1	0.47002	1	0	0	1
sub-117	4	1	0.4145	1	0	0	1
sub-117	8	1	0.42858	1	0	0	1
sub-117	2	0	0.69523	1	0	0	1
sub-117	5	1	0.35829	1	0	0	1
sub-117	4	1	0.49133	1	0	0	1
sub-117	2	1	0.39324	1	0	0	1
sub-117	8	1	0.44261	1	0	1	1
sub-117	6	1	0.0255099999999999	1	0	1	1
sub-117	7	1	0.42372	1	0	1	1
sub-117	7	1	0.29028	1	0	1	1
sub-117	3	1	0.37118	1	0	1	1
sub-117	8	1	0.33686	1	0	1	1
sub-117	8	1	0.38668	1	0	1	1
sub-117	9	1	0.33721	1	0	1	1
sub-117	2	1	0.5971	1	0	0	2
sub-117	1	0	0.54957	1	0	0	2
sub-117	1	0	0.33557	1	0	0	2
sub-117	1	0	0.35282	1	0	0	2
sub-117	1	0	1.0002	1	0	0	2
sub-117	6	1	0.317	1	0	0	2
sub-117	10	1	0.43415	1	0	0	2
sub-117	3	1	0.38565	1	0	0	2
sub-117	7	1	0.65504	1	0	1	2
sub-117	9	1	0.37639	1	0	1	2
sub-117	7	1	0.29653	1	0	1	2
sub-117	8	1	0.3298	1	0	1	2
sub-117	10	1	0.28267	1	0	1	2
sub-117	1	0	0.33494	1	0	1	2
sub-117	9	1	0.41755	1	0	1	2
sub-117	5	1	0.33461	1	0	1	2
sub-117	7	1	0.6057	1	0	1	2
sub-117	8	1	0.85364	1	0	1	2
sub-117	8	1	0.60154	1	0	1	2
sub-117	9	1	0.36837	1	0	1	2
sub-117	3	1	0.22008	1	0	1	2
sub-117	6	1	0.02176	1	0	1	2
sub-117	9	1	0.39011	1	0	1	2
sub-117	10	1	0.37525	1	0	1	2
sub-117	10	1	0.37741	1	0	0	2
sub-117	4	1	0.34298	1	0	0	2
sub-117	3	1	0.29315	1	0	0	2
sub-117	3	1	0.29551	1	0	0	2
sub-117	2	1	0.34277	1	0	0	2
sub-117	4	1	0.27366	1	0	0	2
sub-117	5	1	0.34033	1	0	0	2
sub-117	2	1	0.40748	1	0	0	2
sub-118	10	1	0.80454	1	0	1	1
sub-118	7	1	0.43932	1	0	1	1
sub-118	8	1	0.2955	1	0	1	1
sub-118	10	1	0.0253300000000001	1	0	1	1
sub-118	5	0	0.51282	1	0	1	1
sub-118	9	1	0.46775	1	0	1	1
sub-118	2	0	0.32366	1	0	1	1
sub-118	9	1	0.02441	1	0	1	1
sub-118	5	1	0.36212	1	0	0	1
sub-118	3	0	0.52105	1	0	0	1
sub-118	3	0	0.35391	1	0	0	1
sub-118	9	1	0.35949	1	0	0	1
sub-118	3	0	0.43607	1	0	0	1
sub-118	3	0	0.4609	1	0	0	1
sub-118	4	0	0.33694	1	0	0	1
sub-118	1	0	0.29411	1	0	0	1
sub-118	3	0	0.64704	1	0	0	1
sub-118	4	0	0.22476	1	0	0	1
sub-118	10	1	0.24422	1	0	0	1
sub-118	6	1	0.3603	1	0	0	1
sub-118	3	0	0.31459	1	0	0	1
sub-118	3	1	0.0245599999999999	1	0	0	1
sub-118	4	0	0.51689	1	0	0	1
sub-118	3	0	0.33559	1	0	0	1
sub-118	1	0	0.35126	1	0	1	1
sub-118	6	1	0.38037	1	0	1	1
sub-118	10	1	0.30442	1	0	1	1
sub-118	8	1	0.34466	1	0	1	1
sub-118	9	1	0.41511	1	0	1	1
sub-118	9	1	0.28772	1	0	1	1
sub-118	7	1	0.51588	1	0	1	1
sub-118	10	1	0.45146	1	0	1	1
sub-118	4	1	0.3549	1	0	0	2
sub-118	1	1	0.35757	1	0	0	2
sub-118	9	1	0.31019	1	0	0	2
sub-118	1	1	0.33579	1	0	0	2
sub-118	3	1	0.3936	1	0	0	2
sub-118	5	1	0.58152	1	0	0	2
sub-118	4	1	0.3661	1	0	0	2
sub-118	3	1	0.55735	1	0	0	2
sub-118	10	1	0.29904	1	0	1	2
sub-118	7	1	0.12162	1	0	1	2
sub-118	7	1	0.02182	1	0	1	2
sub-118	10	0	0.0301	1	0	1	2
sub-118	4	1	0.01905	1	0	1	2
sub-118	7	1	0.0244599999999999	1	0	1	2
sub-118	8	1	0.0324500000000001	1	0	1	2
sub-118	5	0	0.0246	1	0	1	2
sub-120	3	0	0.0565800000000001	1	0	0	1
sub-120	6	0	0.29752	1	0	0	1
sub-120	1	0	0.0206999999999999	1	0	0	1
sub-120	4	0	0.0264200000000001	1	0	0	1
sub-120	1	0	0.0325599999999999	1	0	0	1
sub-120	7	1	0.23977	1	0	0	1
sub-120	4	0	0.0285899999999999	1	0	0	1
sub-120	4	0	0.35163	1	0	0	1
sub-120	5	1	0.26306	1	0	1	1
sub-120	2	0	0.38619	1	0	1	1
sub-120	9	1	0.57665	1	0	1	1
sub-120	9	1	0.73252	1	0	1	1
sub-120	10	1	0.12132	1	0	1	1
sub-120	8	1	0.0269699999999999	1	0	1	1
sub-120	7	1	0.03291	1	0	1	1
sub-120	10	1	0.0232699999999999	1	0	1	1
sub-120	9	1	0.24362	1	0	1	2
sub-120	10	1	0.26602	1	0	1	2
sub-120	8	1	0.02383	1	0	1	2
sub-120	4	0	0.0296099999999999	1	0	1	2
sub-120	6	0	0.01864	1	0	1	2
sub-120	8	1	0.0244899999999999	1	0	1	2
sub-120	7	1	0.0305200000000001	1	0	1	2
sub-120	8	1	0.01976	1	0	1	2
sub-120	2	0	0.02637	1	0	0	2
sub-120	1	0	0.16739	1	0	0	2
sub-120	6	1	0.0228900000000001	1	0	0	2
sub-120	2	0	0.02888	1	0	0	2
sub-120	1	0	0.40194	1	0	0	2
sub-120	10	1	0.24101	1	0	0	2
sub-120	4	0	0.0299100000000001	1	0	0	2
sub-120	4	0	0.01929	1	0	0	2
sub-120	9	1	0.24861	1	0	1	2
sub-120	9	1	0.0209600000000001	1	0	1	2
sub-120	8	1	0.06029	1	0	1	2
sub-120	10	1	0.0328299999999999	1	0	1	2
sub-120	2	0	0.12319	1	0	1	2
sub-120	6	1	0.346	1	0	1	2
sub-120	9	1	0.08527	1	0	1	2
sub-120	7	1	0.02403	1	0	1	2
sub-120	2	0	0.0261	1	0	0	2
sub-120	3	0	0.48401	1	0	0	2
sub-120	1	0	0.02295	1	0	0	2
sub-120	5	0	0.0285899999999999	1	0	0	2
sub-120	2	0	0.3183	1	0	0	2
sub-120	1	0	0.02363	1	0	0	2
sub-120	8	1	0.0299199999999999	1	0	0	2
sub-120	2	0	0.01892	1	0	0	2
sub-121	1	0	0.27621	1	0	0	1
sub-121	3	1	0.60738	1	0	0	1
sub-121	3	1	0.35665	1	0	0	1
sub-121	4	0	0.87441	1	0	0	1
sub-121	5	1	0.35593	1	0	0	1
sub-121	10	1	0.32264	1	0	0	1
sub-121	3	0	0.52092	1	0	0	1
sub-121	1	0	0.37126	1	0	0	1
sub-121	9	1	0.31253	1	0	1	1
sub-121	10	1	0.4331	1	0	1	1
sub-121	1	0	0.20961	1	0	1	1
sub-121	10	1	0.2267	1	0	1	1
sub-121	10	1	0.31357	1	0	1	1
sub-121	6	1	0.41011	1	0	1	1
sub-121	7	1	0.4118	1	0	1	1
sub-121	9	1	0.345	1	0	1	1
sub-121	1	0	0.59483	1	0	0	2
sub-121	2	0	0.27103	1	0	0	2
sub-121	9	1	0.14501	1	0	0	2
sub-121	2	0	0.26232	1	0	0	2
sub-121	2	0	0.0250600000000001	1	0	0	2
sub-121	3	0	0.47482	1	0	0	2
sub-121	5	1	0.28844	1	0	0	2
sub-121	4	1	0.31813	1	0	0	2
sub-121	4	1	0.32346	1	0	1	2
sub-121	10	1	0.3385	1	0	1	2
sub-121	8	1	0.28795	1	0	1	2
sub-121	9	1	0.31991	1	0	1	2
sub-121	9	1	0.3041	1	0	1	2
sub-121	8	1	0.1203	1	0	1	2
sub-121	10	1	0.32033	1	0	1	2
sub-121	5	1	0.33616	1	0	1	2
sub-121	9	1	0.42215	1	0	0	2
sub-121	6	1	0.28814	1	0	0	2
sub-121	4	1	0.46638	1	0	0	2
sub-121	2	0	0.21748	1	0	0	2
sub-121	2	0	0.40945	1	0	0	2
sub-121	2	0	0.31156	1	0	0	2
sub-121	1	0	0.64676	1	0	0	2
sub-121	3	0	0.34314	1	0	0	2
sub-121	1	0	0.19734	1	0	1	2
sub-121	5	1	0.21361	1	0	1	2
sub-121	8	1	0.0334700000000001	1	0	1	2
sub-121	8	1	0.0312600000000001	1	0	1	2
sub-121	10	1	0.02776	1	0	1	2
sub-121	7	1	0.32999	1	0	1	2
sub-121	8	1	0.37699	1	0	1	2
sub-121	8	1	0.3098	1	0	1	2
sub-122	2	0	0.0330699999999999	1	0	0	1
sub-122	1	0	0.72482	1	0	0	1
sub-122	3	1	0.66788	1	0	0	1
sub-122	5	1	1.34151	1	0	0	1
sub-122	2	1	1.04893	1	0	0	1
sub-122	4	1	0.83449	1	0	0	1
sub-122	7	1	0.75709	1	0	0	1
sub-122	10	1	0.76608	1	0	1	1
sub-122	6	1	0.72397	1	0	1	1
sub-122	9	1	0.60086	1	0	1	1
sub-122	10	1	0.64059	1	0	1	1
sub-122	10	1	0.74428	1	0	1	1
sub-122	2	0	0.66664	1	0	1	1
sub-122	10	1	0.42259	1	0	1	1
sub-122	9	1	0.58028	1	0	1	1
sub-122	5	1	0.6625	1	0	1	2
sub-122	9	1	0.43442	1	0	1	2
sub-122	9	1	0.49456	1	0	1	2
sub-122	7	1	0.56786	1	0	1	2
sub-122	7	1	0.42514	1	0	1	2
sub-122	8	1	0.86108	1	0	1	2
sub-122	3	1	0.91587	1	0	1	2
sub-122	9	1	0.48903	1	0	1	2
sub-122	9	1	0.58332	1	0	1	2
sub-122	10	1	0.48807	1	0	1	2
sub-122	9	1	0.48077	1	0	1	2
sub-122	6	1	0.77079	1	0	1	2
sub-122	7	1	0.45978	1	0	1	2
sub-122	2	1	0.6015	1	0	1	2
sub-122	8	1	0.65732	1	0	1	2
sub-122	10	1	0.59924	1	0	1	2
sub-122	4	1	0.54312	1	0	0	2
sub-122	4	1	0.02386	1	0	0	2
sub-122	4	1	0.83234	1	0	0	2
sub-122	4	1	0.45509	1	0	0	2
sub-122	5	1	0.64458	1	0	0	2
sub-122	9	1	0.41931	1	0	0	2
sub-122	3	0	0.75952	1	0	0	2
sub-122	3	0	0.51853	1	0	0	2
sub-122	2	1	0.79379	1	0	0	2
sub-122	1	1	0.61731	1	0	0	2
sub-122	5	1	0.57609	1	0	0	2
sub-122	4	1	0.4317	1	0	0	2
sub-122	3	1	0.72374	1	0	0	2
sub-122	3	1	1.03192	1	0	0	2
sub-122	9	1	0.0197499999999999	1	0	0	2
sub-122	2	1	0.64594	1	0	0	2
sub-124	3	1	1.1786	1	0	0	1
sub-124	1	1	0.76849	1	0	0	1
sub-124	8	1	1.13901	1	0	0	1
sub-124	1	1	0.36247	1	0	0	1
sub-124	5	1	0.0179800000000001	1	0	0	1
sub-124	4	1	0.30727	1	0	0	1
sub-124	2	1	0.69814	1	0	0	1
sub-124	3	1	0.27217	1	0	0	1
sub-124	9	1	0.80734	1	0	1	1
sub-124	8	1	0.45535	1	0	1	1
sub-124	8	1	0.0259499999999999	1	0	1	1
sub-124	7	1	0.25197	1	0	1	1
sub-124	10	1	0.34187	1	0	1	1
sub-124	10	1	0.71473	1	0	1	1
sub-124	6	1	0.35499	1	0	1	1
sub-124	4	1	0.44516	1	0	1	1
sub-124	7	1	0.02332	1	0	1	2
sub-124	5	1	0.46532	1	0	1	2
sub-124	9	1	0.32392	1	0	1	2
sub-124	2	1	0.34612	1	0	1	2
sub-124	7	1	0.48687	1	0	1	2
sub-124	9	1	0.34237	1	0	1	2
sub-124	7	1	0.03078	1	0	1	2
sub-124	9	1	0.62201	1	0	1	2
sub-124	9	1	1.36357	1	0	1	2
sub-124	10	1	0.48369	1	0	1	2
sub-124	3	1	0.3571	1	0	1	2
sub-124	6	1	0.41457	1	0	1	2
sub-124	7	1	0.01949	1	0	1	2
sub-124	10	1	0.0275399999999999	1	0	1	2
sub-124	8	1	0.33087	1	0	1	2
sub-124	9	1	0.28869	1	0	1	2
sub-124	1	0	0.6221	1	0	0	2
sub-124	1	0	0.37821	1	0	0	2
sub-124	1	0	0.23397	1	0	0	2
sub-124	4	1	0.32336	1	0	0	2
sub-124	7	1	0.71454	1	0	0	2
sub-124	4	1	0.48617	1	0	0	2
sub-124	5	1	0.37596	1	0	0	2
sub-124	2	1	0.39991	1	0	0	2
sub-124	3	1	0.50358	1	0	0	2
sub-124	5	1	1.09403	1	0	0	2
sub-124	8	1	0.51834	1	0	0	2
sub-124	2	1	0.29058	1	0	0	2
sub-124	1	0	0.0312399999999999	1	0	0	2
sub-124	3	1	0.0328200000000001	1	0	0	2
sub-124	3	1	0.0264200000000001	1	0	0	2
sub-124	3	1	0.74779	1	0	0	2
sub-125	8	1	0.78359	1	0	1	1
sub-125	9	1	0.35642	1	0	1	1
sub-125	7	0	0.78733	1	0	1	1
sub-125	7	0	0.70381	1	0	1	1
sub-125	7	1	0.50565	1	0	1	1
sub-125	4	0	0.38767	1	0	1	1
sub-125	9	1	0.38528	1	0	1	1
sub-125	3	0	0.45601	1	0	0	1
sub-125	3	0	0.42133	1	0	0	1
sub-125	1	0	0.42346	1	0	0	1
sub-125	3	1	0.37044	1	0	0	1
sub-125	6	1	0.62082	1	0	0	1
sub-125	3	0	0.52359	1	0	0	1
sub-125	4	0	0.71984	1	0	0	1
sub-125	9	1	0.57044	1	0	0	1
sub-125	7	1	0.52993	1	0	1	2
sub-125	6	1	0.0272399999999999	1	0	1	2
sub-125	8	1	0.76036	1	0	1	2
sub-125	1	0	0.6567	1	0	1	2
sub-125	9	1	0.922	1	0	1	2
sub-125	9	1	1.03945	1	0	1	2
sub-125	7	1	1.12194	1	0	1	2
sub-125	7	1	0.87321	1	0	1	2
sub-125	2	0	0.8238	1	0	0	2
sub-125	1	0	0.9721	1	0	0	2
sub-125	3	0	1.17054	1	0	0	2
sub-125	1	0	0.87077	1	0	0	2
sub-125	7	1	0.81681	1	0	0	2
sub-125	2	0	1.08334	1	0	0	2
sub-125	5	1	1.16655	1	0	0	2
sub-125	2	0	0.96765	1	0	0	2
sub-125	9	1	0.87738	1	0	1	2
sub-125	4	1	1.1292	1	0	1	2
sub-125	9	1	0.79481	1	0	1	2
sub-125	7	1	0.76096	1	0	1	2
sub-125	8	1	0.4787	1	0	1	2
sub-125	5	0	0.49673	1	0	1	2
sub-125	9	1	0.69837	1	0	1	2
sub-125	7	1	0.98125	1	0	1	2
sub-125	10	1	0.60194	1	0	0	2
sub-125	1	0	0.4195	1	0	0	2
sub-125	1	0	0.53559	1	0	0	2
sub-125	4	1	0.91587	1	0	0	2
sub-125	1	0	0.56502	1	0	0	2
sub-125	1	0	1.16605	1	0	0	2
sub-125	6	0	1.20334	1	0	0	2
sub-125	4	0	0.58638	1	0	0	2
sub-127	6	1	1.55319	1	0	1	1
sub-127	7	1	0.7598	1	0	1	1
sub-127	9	1	0.61685	1	0	1	1
sub-127	9	1	0.0888199999999999	1	0	1	1
sub-127	8	1	0.61214	1	0	1	1
sub-127	7	0	0.51807	1	0	1	1
sub-127	4	0	0.52386	1	0	1	1
sub-127	8	1	0.67983	1	0	1	1
sub-127	4	0	0.43486	1	0	0	1
sub-127	1	0	0.24056	1	0	0	1
sub-127	9	1	0.51452	1	0	0	1
sub-127	2	0	0.42055	1	0	0	1
sub-127	4	0	0.37658	1	0	0	1
sub-127	4	0	0.51681	1	0	0	1
sub-127	1	0	0.4904	1	0	0	1
sub-127	5	0	0.56285	1	0	0	1
sub-127	8	1	0.32119	1	0	1	2
sub-127	7	0	0.744	1	0	1	2
sub-127	8	1	0.70138	1	0	1	2
sub-127	4	0	0.50714	1	0	1	2
sub-127	8	1	0.32969	1	0	1	2
sub-127	5	0	0.48647	1	0	1	2
sub-127	9	1	0.0262800000000001	1	0	1	2
sub-127	9	1	0.56637	1	0	1	2
sub-127	9	1	0.05569	1	0	1	2
sub-127	1	0	0.47779	1	0	1	2
sub-127	8	1	0.41902	1	0	1	2
sub-127	6	0	0.47516	1	0	1	2
sub-127	9	1	0.44769	1	0	1	2
sub-127	10	1	0.70379	1	0	1	2
sub-127	9	1	0.59402	1	0	1	2
sub-127	7	0	0.48425	1	0	1	2
sub-127	6	0	0.31377	1	0	0	2
sub-127	8	1	0.02084	1	0	0	2
sub-127	1	0	0.46069	1	0	0	2
sub-127	3	0	0.36657	1	0	0	2
sub-127	4	0	0.40589	1	0	0	2
sub-127	2	0	0.36271	1	0	0	2
sub-127	3	0	0.46868	1	0	0	2
sub-127	4	0	0.49222	1	0	0	2
sub-127	10	1	0.0315300000000001	1	0	0	2
sub-127	3	0	0.47212	1	0	0	2
sub-127	1	0	0.49603	1	0	0	2
sub-127	2	0	0.38527	1	0	0	2
sub-127	2	0	0.47457	1	0	0	2
sub-127	4	0	0.48053	1	0	0	2
sub-127	3	0	0.4197	1	0	0	2
sub-127	5	0	0.39218	1	0	0	2
sub-128	1	0	0.0234799999999999	1	0	1	1
sub-128	10	0	0.0307599999999999	1	0	1	1
sub-128	7	0	0.0210600000000001	1	0	1	1
sub-128	7	0	0.0266999999999999	1	0	1	1
sub-128	6	0	0.0331600000000001	1	0	1	1
sub-128	7	0	0.02339	1	0	1	1
sub-128	9	0	0.02912	1	0	1	1
sub-128	9	0	0.01831	1	0	1	1
sub-128	4	0	0.0210900000000001	1	0	0	1
sub-128	10	0	0.02705	1	0	0	1
sub-128	1	0	0.0176400000000001	1	0	0	1
sub-128	6	0	0.44196	1	0	0	1
sub-128	4	0	0.03024	1	0	0	1
sub-128	4	0	0.0199	1	0	0	1
sub-128	1	0	0.0256099999999999	1	0	0	1
sub-128	1	0	0.0317000000000001	1	0	0	1
sub-128	1	0	0.0306200000000001	1	0	0	2
sub-128	4	0	0.0221199999999999	1	0	0	2
sub-128	2	0	0.0280499999999999	1	0	0	2
sub-128	3	0	0.0174000000000001	1	0	0	2
sub-128	10	1	0.0242899999999999	1	0	0	2
sub-128	1	0	0.0307500000000001	1	0	0	2
sub-128	6	0	0.0191699999999999	1	0	0	2
sub-128	4	0	0.02539	1	0	0	2
sub-128	8	0	0.0250999999999999	1	0	1	2
sub-128	6	0	0.0319100000000001	1	0	1	2
sub-128	10	1	0.02223	1	0	1	2
sub-128	8	0	0.0279400000000001	1	0	1	2
sub-128	8	0	0.0173000000000001	1	0	1	2
sub-128	3	0	0.0912900000000001	1	0	1	2
sub-128	10	1	0.03047	1	0	1	2
sub-128	7	0	0.01959	1	0	1	2
sub-128	5	0	0.03196	1	0	1	2
sub-128	7	0	0.02234	1	0	1	2
sub-128	7	0	0.02956	1	0	1	2
sub-128	7	0	0.0187299999999999	1	0	1	2
sub-128	10	1	0.0250699999999999	1	0	1	2
sub-128	8	0	0.0305899999999999	1	0	1	2
sub-128	8	0	0.0197799999999999	1	0	1	2
sub-128	1	0	0.05932	1	0	1	2
sub-128	3	0	0.292	1	0	0	2
sub-128	1	0	0.03077	1	0	0	2
sub-128	4	0	0.02112	1	0	0	2
sub-128	3	0	0.0271600000000001	1	0	0	2
sub-128	1	0	0.0328599999999999	1	0	0	2
sub-128	4	0	0.0233000000000001	1	0	0	2
sub-128	6	0	0.26302	1	0	0	2
sub-128	8	0	0.0186500000000001	1	0	0	2
sub-129	8	1	0.82105	1	0	1	1
sub-129	10	1	0.17757	1	0	1	1
sub-129	6	1	0.15132	1	0	1	1
sub-129	3	0	0.10736	1	0	1	1
sub-129	9	1	0.0296400000000001	1	0	1	1
sub-129	7	1	0.0189299999999999	1	0	1	1
sub-129	10	1	0.02457	1	0	1	1
sub-129	7	1	0.0809899999999999	1	0	1	1
sub-129	8	1	0.10066	1	0	0	1
sub-129	1	0	0.0912599999999999	1	0	0	1
sub-129	4	0	0.34499	1	0	0	1
sub-129	4	0	0.28545	1	0	0	1
sub-129	4	0	0.14081	1	0	0	1
sub-129	2	0	0.0646500000000001	1	0	0	1
sub-129	5	1	0.0214399999999999	1	0	0	1
sub-129	4	1	0.21105	1	0	0	1
sub-129	2	0	0.19483	1	0	0	2
sub-129	10	1	0.01844	1	0	0	2
sub-129	6	1	0.02417	1	0	0	2
sub-129	1	0	0.03009	1	0	0	2
sub-129	4	0	0.1027	1	0	0	2
sub-129	2	0	0.0252600000000001	1	0	0	2
sub-129	4	0	0.0311300000000001	1	0	0	2
sub-129	3	0	0.0214799999999999	1	0	0	2
sub-129	2	0	0.0310900000000001	1	0	0	2
sub-129	4	0	0.02088	1	0	0	2
sub-129	3	0	0.02797	1	0	0	2
sub-129	2	0	0.01718	1	0	0	2
sub-129	1	0	0.0241100000000001	1	0	0	2
sub-129	3	0	0.29752	1	0	0	2
sub-129	7	0	0.92148	1	0	0	2
sub-129	5	1	0.0263199999999999	1	0	0	2
sub-129	2	0	0.0254700000000001	1	0	1	2
sub-129	10	1	0.03084	1	0	1	2
sub-129	9	1	0.0555600000000001	1	0	1	2
sub-129	10	1	0.0278700000000001	1	0	1	2
sub-129	7	1	0.25092	1	0	1	2
sub-129	7	1	0.02406	1	0	1	2
sub-129	6	1	0.0298400000000001	1	0	1	2
sub-129	8	1	0.01938	1	0	1	2
sub-129	8	1	0.27906	1	0	1	2
sub-129	9	1	0.0180400000000001	1	0	1	2
sub-129	1	0	0.0250699999999999	1	0	1	2
sub-129	9	1	0.03077	1	0	1	2
sub-129	8	1	0.02136	1	0	1	2
sub-129	6	1	0.02715	1	0	1	2
sub-129	10	1	0.0329200000000001	1	0	1	2
sub-129	7	1	0.0234399999999999	1	0	1	2
sub-131	4	0	1.04241	1	0	1	1
sub-131	8	0	1.54672	1	0	1	1
sub-131	7	0	0.66949	1	0	1	1
sub-131	8	1	1.09299	1	0	1	1
sub-131	8	1	0.90036	1	0	1	1
sub-131	8	1	1.0235	1	0	1	1
sub-131	5	0	1.49641	1	0	1	1
sub-131	2	0	0.48612	1	0	0	1
sub-131	2	0	0.27548	1	0	0	1
sub-131	1	0	0.66857	1	0	0	1
sub-131	1	0	0.22029	1	0	0	1
sub-131	9	1	1.02613	1	0	0	1
sub-131	5	1	0.93315	1	0	0	1
sub-131	2	0	0.37163	1	0	0	1
sub-131	3	0	1.06065	1	0	0	1
sub-131	5	1	1.12233	1	0	0	2
sub-131	4	1	0.17974	1	0	0	2
sub-131	1	1	0.40111	1	0	0	2
sub-131	2	1	0.14059	1	0	0	2
sub-131	8	1	0.46534	1	0	0	2
sub-131	2	1	0.03715	1	0	0	2
sub-131	1	1	0.66283	1	0	0	2
sub-131	4	1	0.0184200000000001	1	0	0	2
sub-131	9	1	0.78163	1	0	1	2
sub-131	6	1	0.02132	1	0	1	2
sub-131	4	1	0.02816	1	0	1	2
sub-131	9	1	0.46935	1	0	1	2
sub-131	10	1	0.52005	1	0	1	2
sub-131	9	1	0.79772	1	0	1	2
sub-131	10	1	0.70312	1	0	1	2
sub-131	10	1	1.32535	1	0	1	2
sub-131	4	1	0.6306	1	0	0	2
sub-131	5	1	0.48884	1	0	0	2
sub-131	9	1	0.0291399999999999	1	0	0	2
sub-131	4	1	0.70347	1	0	0	2
sub-131	2	1	0.02684	1	0	0	2
sub-131	4	1	0.0172600000000001	1	0	0	2
sub-131	2	1	0.53688	1	0	0	2
sub-131	1	1	0.07629	1	0	0	2
sub-131	8	1	0.98561	1	0	1	2
sub-131	7	1	0.0280899999999999	1	0	1	2
sub-131	8	1	0.03081	1	0	1	2
sub-131	10	1	0.01868	1	0	1	2
sub-131	2	1	0.0275000000000001	1	0	1	2
sub-131	7	1	0.01762	1	0	1	2
sub-131	6	1	0.02101	1	0	1	2
sub-131	7	1	0.02911	1	0	1	2
sub-134	8	1	0.68217	1	0	0	1
sub-134	1	0	1.13859	1	0	0	1
sub-134	2	1	0.22713	1	0	0	1
sub-134	4	1	0.0663199999999999	1	0	0	1
sub-134	5	1	0.12219	1	0	0	1
sub-134	1	1	0.42844	1	0	0	1
sub-134	1	0	1.30173	1	0	0	1
sub-134	8	1	1.54748	1	0	1	1
sub-134	10	1	0.10332	1	0	1	1
sub-134	10	1	0.04253	1	0	1	1
sub-134	7	1	0.3987	1	0	1	1
sub-134	8	1	1.0385	1	0	1	1
sub-134	6	1	0.21154	1	0	1	1
sub-134	10	1	0.03254	1	0	1	1
sub-134	4	1	0.52343	1	0	1	1
sub-134	6	1	0.16335	1	0	0	2
sub-134	4	1	0.01894	1	0	0	2
sub-134	4	1	0.0264599999999999	1	0	0	2
sub-134	8	1	0.03227	1	0	0	2
sub-134	4	1	0.0227299999999999	1	0	0	2
sub-134	3	1	0.0788800000000001	1	0	0	2
sub-134	4	1	0.01898	1	0	0	2
sub-134	2	1	0.14182	1	0	0	2
sub-134	5	1	0.0206299999999999	1	0	1	2
sub-134	10	1	0.02739	1	0	1	2
sub-134	9	1	0.0170699999999999	1	0	1	2
sub-134	8	1	0.96981	1	0	1	2
sub-134	10	1	0.01816	1	0	1	2
sub-134	7	1	0.02352	1	0	1	2
sub-134	1	1	0.0299100000000001	1	0	1	2
sub-134	8	1	0.0172000000000001	1	0	1	2
sub-134	7	1	0.0241800000000001	1	0	1	2
sub-134	6	1	0.88212	1	0	1	2
sub-134	8	1	0.02075	1	0	1	2
sub-134	8	1	0.02617	1	0	1	2
sub-134	1	1	1.01407	1	0	1	2
sub-134	3	1	0.0270699999999999	1	0	0	2
sub-134	8	1	0.03311	1	0	0	2
sub-134	1	0	0.02318	1	0	0	2
sub-134	3	1	0.02919	1	0	0	2
sub-134	5	1	0.0182899999999999	1	0	0	2
sub-134	3	1	0.32495	1	0	0	2
sub-134	1	0	0.0302100000000001	1	0	0	2
sub-134	3	1	0.01953	1	0	0	2
sub-135	3	0	1.93843	1	0	0	1
sub-135	2	1	0.46102	1	0	0	1
sub-135	3	1	1.35116	1	0	0	1
sub-135	7	0	0.90687	1	0	0	1
sub-135	1	0	0.61347	1	0	0	1
sub-135	1	1	0.68548	1	0	0	1
sub-135	1	0	0.45832	1	0	0	1
sub-135	1	0	0.66298	1	0	1	1
sub-135	10	1	0.10156	1	0	1	1
sub-135	10	1	0.12532	1	0	1	1
sub-135	8	0	1.49997	1	0	1	1
sub-135	10	1	0.18924	1	0	1	1
sub-135	7	0	0.17936	1	0	1	1
sub-135	8	0	0.08528	1	0	1	1
sub-135	5	0	0.17458	1	0	1	1
sub-135	7	0	0.50684	1	0	1	2
sub-135	7	0	0.0303	1	0	1	2
sub-135	4	0	0.0195099999999999	1	0	1	2
sub-135	10	1	0.0253000000000001	1	0	1	2
sub-135	10	1	0.03131	1	0	1	2
sub-135	10	1	0.02172	1	0	1	2
sub-135	6	0	0.02748	1	0	1	2
sub-135	10	1	0.01681	1	0	1	2
sub-135	4	0	0.15457	1	0	0	2
sub-135	4	0	0.02626	1	0	0	2
sub-135	2	0	0.63414	1	0	0	2
sub-135	4	0	0.02254	1	0	0	2
sub-135	2	0	0.07847	1	0	0	2
sub-135	8	0	0.01894	1	0	0	2
sub-135	1	0	0.0247599999999999	1	0	0	2
sub-135	5	0	0.03077	1	0	0	2
sub-135	10	0	0.0686500000000001	1	0	1	2
sub-135	8	0	0.0249600000000001	1	0	1	2
sub-135	9	0	0.31436	1	0	1	2
sub-135	8	0	0.0212600000000001	1	0	1	2
sub-135	8	0	0.0271600000000001	1	0	1	2
sub-135	7	0	0.0331300000000001	1	0	1	2
sub-135	5	0	0.0236000000000001	1	0	1	2
sub-135	1	0	0.5969	1	0	1	2
sub-135	9	0	0.17747	1	0	0	2
sub-135	5	0	0.0321199999999999	1	0	0	2
sub-135	1	0	0.0231300000000001	1	0	0	2
sub-135	3	0	0.02881	1	0	0	2
sub-135	1	0	0.0186900000000001	1	0	0	2
sub-135	1	0	1.64224	1	0	0	2
sub-135	2	0	0.03091	1	0	0	2
sub-136	10	1	1.72414	1	0	1	1
sub-136	9	1	1.4925	1	0	1	1
sub-136	4	1	0.91875	1	0	1	1
sub-136	8	1	0.59948	1	0	1	1
sub-136	10	1	0.18852	1	0	1	1
sub-136	8	1	0.1294	1	0	1	1
sub-136	5	1	0.85011	1	0	1	1
sub-136	9	1	0.17728	1	0	1	1
sub-136	6	1	0.40404	1	0	0	1
sub-136	3	0	0.28827	1	0	0	1
sub-136	7	1	0.0214300000000001	1	0	0	1
sub-136	1	0	0.0392699999999999	1	0	0	1
sub-136	4	1	0.0200199999999999	1	0	0	1
sub-136	2	0	0.57364	1	0	0	1
sub-136	2	0	0.02251	1	0	0	1
sub-136	3	0	0.48777	1	0	0	1
sub-136	4	1	0.17124	1	0	0	2
sub-136	2	1	0.11718	1	0	0	2
sub-136	2	1	1.0194	1	0	0	2
sub-136	1	1	0.33537	1	0	0	2
sub-136	8	1	0.0850500000000001	1	0	0	2
sub-136	5	1	0.25025	1	0	0	2
sub-136	1	0	1.48308	1	0	0	2
sub-136	1	0	0.0685	1	0	0	2
sub-136	10	1	0.06884	1	0	1	2
sub-136	6	1	0.18238	1	0	1	2
sub-136	7	1	0.03244	1	0	1	2
sub-136	7	1	0.01745	1	0	1	2
sub-136	3	1	0.0332300000000001	1	0	1	2
sub-136	7	1	0.0316399999999999	1	0	1	2
sub-136	9	1	0.39722	1	0	1	2
sub-136	10	1	0.0289999999999999	1	0	1	2
sub-136	5	1	0.5141	1	0	1	2
sub-136	7	1	0.0322199999999999	1	0	1	2
sub-136	10	1	0.01691	1	0	1	2
sub-136	8	1	0.0242800000000001	1	0	1	2
sub-136	7	1	0.02149	1	0	1	2
sub-136	7	1	0.02268	1	0	1	2
sub-136	8	1	0.0240199999999999	1	0	1	2
sub-136	1	1	0.0242599999999999	1	0	1	2
sub-136	5	1	0.41774	1	0	0	2
sub-136	2	1	0.2853	1	0	0	2
sub-136	3	1	0.0200499999999999	1	0	0	2
sub-136	4	1	0.0199	1	0	0	2
sub-136	3	1	0.03454	1	0	0	2
sub-136	10	1	0.03223	1	0	0	2
sub-136	3	1	0.29935	1	0	0	2
sub-136	4	1	0.03047	1	0	0	2
sub-137	7	1	0.93332	1	0	1	1
sub-137	6	0	0.0895699999999999	1	0	1	1
sub-137	8	1	0.02979	1	0	1	1
sub-137	10	1	0.51959	1	0	1	1
sub-137	1	0	0.17508	1	0	1	1
sub-137	7	1	0.61474	1	0	1	1
sub-137	7	1	0.53762	1	0	1	1
sub-137	7	1	0.50984	1	0	1	1
sub-137	1	0	0.30571	1	0	0	1
sub-137	3	0	0.0944799999999999	1	0	0	1
sub-137	5	0	0.16846	1	0	0	1
sub-137	10	1	0.02393	1	0	0	1
sub-137	4	0	0.02956	1	0	0	1
sub-137	3	0	0.0523899999999999	1	0	0	1
sub-137	2	0	0.45882	1	0	0	1
sub-137	3	0	0.19789	1	0	0	1
sub-137	8	1	0.2175	1	0	0	1
sub-137	6	0	0.22547	1	0	0	1
sub-137	1	0	0.19831	1	0	0	1
sub-137	1	0	0.0203199999999999	1	0	0	1
sub-137	1	0	0.04322	1	0	0	1
sub-137	1	0	0.46612	1	0	0	1
sub-137	2	0	0.12162	1	0	0	1
sub-137	3	0	0.0271699999999999	1	0	0	1
sub-137	7	1	0.24037	1	0	1	1
sub-137	7	1	0.11248	1	0	1	1
sub-137	7	1	0.48553	1	0	1	1
sub-137	2	0	0.02511	1	0	1	1
sub-137	8	1	0.0311699999999999	1	0	1	1
sub-137	6	0	0.32226	1	0	1	1
sub-137	7	1	0.02715	1	0	1	1
sub-137	7	1	0.03315	1	0	1	1
sub-137	10	1	0.56596	1	0	1	2
sub-137	9	1	0.02166	1	0	1	2
sub-137	10	1	0.3618	1	0	1	2
sub-137	5	0	0.20189	1	0	1	2
sub-137	8	1	0.40813	1	0	1	2
sub-137	10	1	0.18167	1	0	1	2
sub-137	4	0	0.30439	1	0	1	2
sub-137	8	1	0.20998	1	0	1	2
sub-137	2	0	0.0956300000000001	1	0	0	2
sub-137	2	0	0.01973	1	0	0	2
sub-137	8	1	0.02596	1	0	0	2
sub-137	2	0	0.03155	1	0	0	2
sub-137	6	0	1.23995	1	0	0	2
sub-137	4	0	0.02779	1	0	0	2
sub-137	1	0	0.01698	1	0	0	2
sub-137	3	0	0.07443	1	0	0	2
sub-138	10	1	0.02623	1	0	1	1
sub-138	8	1	0.0335799999999999	1	0	1	1
sub-138	7	1	0.02444	1	0	1	1
sub-138	9	1	0.0306900000000001	1	0	1	1
sub-138	4	0	1.8051	1	0	1	1
sub-138	6	1	0.15948	1	0	1	1
sub-138	8	1	0.11586	1	0	1	1
sub-138	8	1	0.13783	1	0	1	1
sub-138	5	1	1.20876	1	0	0	1
sub-138	2	0	0.71564	1	0	0	1
sub-138	2	1	0.0208299999999999	1	0	0	1
sub-138	4	1	0.0268200000000001	1	0	0	1
sub-138	8	1	0.0326599999999999	1	0	0	1
sub-138	3	1	0.0400199999999999	1	0	0	1
sub-138	3	0	0.0959700000000001	1	0	0	1
sub-138	3	1	0.01936	1	0	0	1
sub-138	8	1	0.46402	1	0	1	1
sub-138	10	1	0.0194099999999999	1	0	1	1
sub-138	7	1	0.19335	1	0	1	1
sub-138	9	1	0.03192	1	0	1	1
sub-138	8	1	0.0222100000000001	1	0	1	1
sub-138	5	1	1.03633	1	0	1	1
sub-138	4	0	0.55819	1	0	1	1
sub-138	1	0	0.57415	1	0	0	1
sub-138	3	0	0.63042	1	0	0	1
sub-138	5	1	0.33623	1	0	0	1
sub-138	9	1	0.0249900000000001	1	0	0	1
sub-138	1	0	1.21513	1	0	0	1
sub-138	4	0	0.65393	1	0	0	1
sub-138	1	0	0.36064	1	0	0	1
sub-138	3	1	0.70025	1	0	0	1
sub-138	10	1	0.55527	1	0	1	2
sub-138	3	1	0.22815	1	0	1	2
sub-138	9	1	0.0325200000000001	1	0	1	2
sub-138	9	1	0.10733	1	0	1	2
sub-138	9	1	0.02965	1	0	1	2
sub-138	8	1	0.11956	1	0	1	2
sub-138	7	1	0.14206	1	0	1	2
sub-138	5	1	1.43336	1	0	1	2
sub-138	2	1	1.52054	1	0	0	2
sub-138	4	1	0.0242599999999999	1	0	0	2
sub-138	3	1	0.31547	1	0	0	2
sub-138	5	1	0.82184	1	0	0	2
sub-138	8	1	0.37729	1	0	0	2
sub-138	4	1	1.76886	1	0	0	2
sub-138	2	1	0.09002	1	0	0	2
sub-138	3	1	0.49596	1	0	0	2
sub-140	8	1	0.74646	1	0	1	1
sub-140	4	1	0.736	1	0	1	1
sub-140	7	1	0.19255	1	0	1	1
sub-140	7	0	1.21599	1	0	1	1
sub-140	6	1	0.35439	1	0	1	1
sub-140	8	1	0.5439	1	0	1	1
sub-140	9	1	0.13279	1	0	1	1
sub-140	2	0	1.88204	1	0	0	1
sub-140	1	1	0.01918	1	0	0	1
sub-140	1	0	0.64243	1	0	0	1
sub-140	7	1	0.03216	1	0	0	1
sub-140	1	1	0.28952	1	0	0	1
sub-140	5	0	1.39632	1	0	0	1
sub-140	1	1	0.60156	1	0	0	1
sub-140	2	0	0.55784	1	0	0	1
sub-140	4	1	0.90173	1	0	1	1
sub-140	10	1	0.0232699999999999	1	0	1	1
sub-140	9	1	0.03064	1	0	1	1
sub-140	7	1	0.20381	1	0	1	1
sub-140	7	1	0.04348	1	0	1	1
sub-140	7	1	0.19948	1	0	1	1
sub-140	8	1	0.15554	1	0	1	1
sub-140	5	0	0.46158	1	0	1	1
sub-140	1	0	1.68949	1	0	0	1
sub-140	2	0	0.96323	1	0	0	1
sub-140	10	1	0.0181899999999999	1	0	0	1
sub-140	1	1	0.37447	1	0	0	1
sub-140	4	1	0.43063	1	0	0	1
sub-140	2	1	0.75342	1	0	0	1
sub-140	2	0	0.50908	1	0	0	1
sub-140	6	1	0.6819	1	0	0	1
sub-140	2	1	0.97168	1	0	0	2
sub-140	6	1	0.02325	1	0	0	2
sub-140	3	0	1.61495	1	0	0	2
sub-140	9	1	0.0698799999999999	1	0	0	2
sub-140	1	0	0.47618	1	0	0	2
sub-140	2	0	0.41527	1	0	0	2
sub-140	3	1	0.27144	1	0	0	2
sub-140	4	1	0.39475	1	0	0	2
sub-140	10	1	0.47674	1	0	1	2
sub-140	4	1	0.16671	1	0	1	2
sub-140	7	1	0.94018	1	0	1	2
sub-140	5	1	0.27892	1	0	1	2
sub-140	8	1	0.21808	1	0	1	2
sub-140	9	1	0.02338	1	0	1	2
sub-140	8	1	0.02939	1	0	1	2
sub-140	10	1	0.10257	1	0	1	2
sub-143	8	1	0.03207	1	0	1	1
sub-143	10	1	0.0269299999999999	1	0	1	1
sub-143	5	1	0.18878	1	0	1	1
sub-143	7	1	0.0347	1	0	1	1
sub-143	9	1	0.0303599999999999	1	0	1	1
sub-143	8	1	0.0267599999999999	1	0	1	1
sub-143	4	1	0.02207	1	0	1	1
sub-143	7	1	0.0180800000000001	1	0	1	1
sub-143	4	1	0.0204	1	0	0	1
sub-143	3	1	0.0174000000000001	1	0	0	1
sub-143	2	1	0.0301400000000001	1	0	0	1
sub-143	7	1	0.02718	1	0	0	1
sub-143	4	1	0.02217	1	0	0	1
sub-143	6	1	0.33629	1	0	0	1
sub-143	2	0	1.00074	1	0	0	1
sub-143	4	1	0.02936	1	0	0	1
sub-143	9	1	0.0300199999999999	1	0	1	2
sub-143	10	1	0.0262100000000001	1	0	1	2
sub-143	8	1	0.0226500000000001	1	0	1	2
sub-143	8	1	0.01891	1	0	1	2
sub-143	5	1	0.03077	1	0	1	2
sub-143	10	1	0.02643	1	0	1	2
sub-143	10	1	0.0216099999999999	1	0	1	2
sub-143	2	0	0.01678	1	0	1	2
sub-143	2	0	0.85584	1	0	0	2
sub-143	5	1	0.0327200000000001	1	0	0	2
sub-143	4	1	0.0272600000000001	1	0	0	2
sub-143	2	0	0.15707	1	0	0	2
sub-143	4	1	0.0185200000000001	1	0	0	2
sub-143	3	1	0.0311699999999999	1	0	0	2
sub-143	7	1	0.0276799999999999	1	0	0	2
sub-143	4	1	0.0230900000000001	1	0	0	2
sub-143	10	1	0.25919	1	0	1	2
sub-143	6	1	0.02016	1	0	1	2
sub-143	8	1	0.0330999999999999	1	0	1	2
sub-143	8	1	0.02789	1	0	1	2
sub-143	10	1	0.0234700000000001	1	0	1	2
sub-143	1	1	0.01922	1	0	1	2
sub-143	10	1	0.03192	1	0	1	2
sub-143	9	1	0.02766	1	0	1	2
sub-143	1	0	0.71425	1	0	0	2
sub-143	3	1	0.0265200000000001	1	0	0	2
sub-143	1	0	0.02196	1	0	0	2
sub-143	3	1	0.03288	1	0	0	2
sub-143	5	1	0.02885	1	0	0	2
sub-143	4	1	0.02475	1	0	0	2
sub-143	4	1	0.02138	1	0	0	2
sub-143	8	1	0.0327999999999999	1	0	0	2
sub-144	8	1	0.03207	1	0	1	1
sub-144	10	1	0.0269299999999999	1	0	1	1
sub-144	5	1	0.18878	1	0	1	1
sub-144	7	1	0.0347	1	0	1	1
sub-144	9	1	0.0303599999999999	1	0	1	1
sub-144	8	1	0.0267599999999999	1	0	1	1
sub-144	4	1	0.02207	1	0	1	1
sub-144	7	1	0.0180800000000001	1	0	1	1
sub-144	4	1	0.0204	1	0	0	1
sub-144	3	1	0.0174000000000001	1	0	0	1
sub-144	2	1	0.0301400000000001	1	0	0	1
sub-144	7	1	0.02718	1	0	0	1
sub-144	4	1	0.02217	1	0	0	1
sub-144	6	1	0.33629	1	0	0	1
sub-144	2	0	1.00074	1	0	0	1
sub-144	4	1	0.02936	1	0	0	1
sub-144	9	1	0.0300199999999999	1	0	1	2
sub-144	10	1	0.0262100000000001	1	0	1	2
sub-144	8	1	0.0226500000000001	1	0	1	2
sub-144	8	1	0.01891	1	0	1	2
sub-144	5	1	0.03077	1	0	1	2
sub-144	10	1	0.02643	1	0	1	2
sub-144	10	1	0.0216099999999999	1	0	1	2
sub-144	2	0	0.01678	1	0	1	2
sub-144	2	0	0.85584	1	0	0	2
sub-144	5	1	0.0327200000000001	1	0	0	2
sub-144	4	1	0.0272600000000001	1	0	0	2
sub-144	2	0	0.15707	1	0	0	2
sub-144	4	1	0.0185200000000001	1	0	0	2
sub-144	3	1	0.0311699999999999	1	0	0	2
sub-144	7	1	0.0276799999999999	1	0	0	2
sub-144	4	1	0.0230900000000001	1	0	0	2
sub-144	10	1	0.25919	1	0	1	2
sub-144	6	1	0.02016	1	0	1	2
sub-144	8	1	0.0330999999999999	1	0	1	2
sub-144	8	1	0.02789	1	0	1	2
sub-144	10	1	0.0234700000000001	1	0	1	2
sub-144	1	1	0.01922	1	0	1	2
sub-144	10	1	0.03192	1	0	1	2
sub-144	9	1	0.02766	1	0	1	2
sub-144	1	0	0.71425	1	0	0	2
sub-144	3	1	0.0265200000000001	1	0	0	2
sub-144	1	0	0.02196	1	0	0	2
sub-144	3	1	0.03288	1	0	0	2
sub-144	5	1	0.02885	1	0	0	2
sub-144	4	1	0.02475	1	0	0	2
sub-144	4	1	0.02138	1	0	0	2
sub-144	8	1	0.0327999999999999	1	0	0	2
sub-145	3	0	0.57626	1	0	1	1
sub-145	9	1	0.49874	1	0	1	1
sub-145	7	1	0.59047	1	0	1	1
sub-145	7	1	0.51306	1	0	1	1
sub-145	6	0	0.46907	1	0	1	1
sub-145	10	1	0.59248	1	0	1	1
sub-145	10	1	0.49842	1	0	1	1
sub-145	7	1	0.75477	1	0	1	1
sub-145	2	0	0.80711	1	0	0	1
sub-145	1	0	0.49667	1	0	0	1
sub-145	5	0	0.48699	1	0	0	1
sub-145	3	0	0.41047	1	0	0	1
sub-145	4	0	0.46663	1	0	0	1
sub-145	1	0	0.45611	1	0	0	1
sub-145	10	1	0.46172	1	0	0	1
sub-145	1	0	0.41755	1	0	0	1
sub-145	7	1	1.34758	1	0	1	1
sub-145	8	1	0.48555	1	0	1	1
sub-145	6	0	0.49315	1	0	1	1
sub-145	9	1	0.43204	1	0	1	1
sub-145	8	1	0.48811	1	0	1	1
sub-145	8	1	0.47724	1	0	1	1
sub-145	1	0	0.39978	1	0	1	1
sub-145	7	1	0.85621	1	0	1	1
sub-145	3	0	0.55829	1	0	0	1
sub-145	3	0	0.0328599999999999	1	0	0	1
sub-145	1	0	0.0230999999999999	1	0	0	1
sub-145	6	0	0.57977	1	0	0	1
sub-145	4	0	0.36997	1	0	0	1
sub-145	7	1	1.04286	1	0	0	1
sub-145	2	0	0.39834	1	0	0	1
sub-145	2	0	0.0206900000000001	1	0	0	1
sub-145	3	0	0.56509	1	0	0	2
sub-145	8	1	0.18848	1	0	0	2
sub-145	4	0	0.02817	1	0	0	2
sub-145	4	0	0.0178700000000001	1	0	0	2
sub-145	6	0	0.5252	1	0	0	2
sub-145	1	0	0.3145	1	0	0	2
sub-145	4	0	0.45488	1	0	0	2
sub-145	1	0	0.02806	1	0	0	2
sub-145	7	1	1.27153	1	0	1	2
sub-145	7	1	0.40981	1	0	1	2
sub-145	8	1	0.43358	1	0	1	2
sub-145	9	1	0.38952	1	0	1	2
sub-145	1	0	0.29525	1	0	1	2
sub-145	8	1	0.48503	1	0	1	2
sub-145	10	1	0.42494	1	0	1	2
sub-145	5	0	0.39914	1	0	1	2
sub-147	3	1	0.86434	1	0	0	1
sub-147	6	1	0.42019	1	0	0	1
sub-147	4	1	0.29469	1	0	0	1
sub-147	9	1	0.30067	1	0	0	1
sub-147	4	1	1.22244	1	0	0	1
sub-147	3	1	0.7778	1	0	0	1
sub-147	10	1	1.87453	1	0	1	1
sub-147	7	1	0.0633600000000001	1	0	1	1
sub-147	8	1	0.40367	1	0	1	1
sub-147	9	1	1.04361	1	0	1	1
sub-147	1	1	0.48238	1	0	1	1
sub-147	8	1	0.25478	1	0	1	1
sub-147	5	1	0.27757	1	0	1	1
sub-147	9	1	0.38335	1	0	1	1
sub-147	8	1	0.82399	1	0	1	2
sub-147	7	1	0.23009	1	0	1	2
sub-147	2	0	0.37709	1	0	1	2
sub-147	5	1	0.18401	1	0	1	2
sub-147	8	1	0.13993	1	0	1	2
sub-147	8	1	0.0287299999999999	1	0	1	2
sub-147	7	1	0.01844	1	0	1	2
sub-147	6	1	0.45758	1	0	0	2
sub-147	3	1	1.23082	1	0	0	2
sub-147	4	1	0.62083	1	0	0	2
sub-147	3	1	0.32648	1	0	0	2
sub-147	2	0	0.14911	1	0	0	2
sub-147	8	1	0.10478	1	0	0	2
sub-147	4	1	0.02712	1	0	0	2
sub-147	3	1	0.4343	1	0	0	2
sub-147	5	1	0.6301	1	0	0	2
sub-147	3	1	0.46914	1	0	0	2
sub-147	4	1	0.32737	1	0	0	2
sub-147	2	0	0.03267	1	0	0	2
sub-147	2	0	0.0231600000000001	1	0	0	2
sub-147	10	1	0.32955	1	0	0	2
sub-147	1	0	0.25321	1	0	0	2
sub-147	3	1	0.3756	1	0	0	2
sub-147	8	1	0.5781	1	0	1	2
sub-147	9	1	0.05121	1	0	1	2
sub-147	1	0	0.15848	1	0	1	2
sub-147	8	1	0.18216	1	0	1	2
sub-147	10	1	0.0210399999999999	1	0	1	2
sub-147	7	1	0.02677	1	0	1	2
sub-147	8	1	0.03268	1	0	1	2
sub-147	6	1	0.09013	1	0	1	2
sub-150	6	1	0.94484	1	0	1	1
sub-150	9	1	0.38553	1	0	1	1
sub-150	7	1	0.60893	1	0	1	1
sub-150	7	1	0.49905	1	0	1	1
sub-150	8	1	0.47169	1	0	1	1
sub-150	7	1	0.46124	1	0	1	1
sub-150	10	1	0.70039	1	0	1	1
sub-150	2	0	0.37277	1	0	1	1
sub-150	6	1	0.35266	1	0	0	1
sub-150	3	0	0.71033	1	0	0	1
sub-150	1	0	0.44895	1	0	0	1
sub-150	4	1	0.5221	1	0	0	1
sub-150	8	1	0.37778	1	0	0	1
sub-150	3	0	0.73511	1	0	0	1
sub-150	1	0	0.39169	1	0	0	1
sub-150	3	0	0.4321	1	0	0	1
sub-150	10	1	0.58145	1	0	1	1
sub-150	1	0	0.38704	1	0	1	1
sub-150	10	1	0.71011	1	0	1	1
sub-150	10	1	0.41534	1	0	1	1
sub-150	6	1	0.58819	1	0	1	1
sub-150	7	1	0.44421	1	0	1	1
sub-150	8	1	0.38341	1	0	1	1
sub-150	9	1	0.55611	1	0	1	1
sub-150	2	0	0.72654	1	0	0	1
sub-150	4	1	0.38388	1	0	0	1
sub-150	7	1	0.38882	1	0	0	1
sub-150	6	1	0.37813	1	0	0	1
sub-150	2	0	0.35075	1	0	0	1
sub-150	3	0	0.40676	1	0	0	1
sub-150	3	1	0.91399	1	0	0	1
sub-150	1	0	0.38613	1	0	0	1
sub-150	3	1	0.61144	1	0	1	2
sub-150	9	1	0.40134	1	0	1	2
sub-150	8	1	0.39232	1	0	1	2
sub-150	7	1	0.3493	1	0	1	2
sub-150	8	1	0.43855	1	0	1	2
sub-150	6	1	0.47865	1	0	1	2
sub-150	9	1	0.45128	1	0	1	2
sub-150	10	1	0.45747	1	0	1	2
sub-150	5	1	0.45734	1	0	0	2
sub-150	1	0	0.38006	1	0	0	2
sub-150	1	0	0.37069	1	0	0	2
sub-150	3	1	0.39401	1	0	0	2
sub-150	1	0	0.38242	1	0	0	2
sub-150	10	1	0.52163	1	0	0	2
sub-150	2	1	0.61103	1	0	0	2
sub-150	4	1	0.50132	1	0	0	2
sub-151	5	1	1.66295	1	0	0	1
sub-151	9	1	0.60267	1	0	0	1
sub-151	2	0	0.0245200000000001	1	0	0	1
sub-151	1	0	0.0306200000000001	1	0	0	1
sub-151	1	0	0.02105	1	0	0	1
sub-151	1	0	0.02694	1	0	0	1
sub-151	4	0	0.41677	1	0	0	1
sub-151	4	0	0.03891	1	0	0	1
sub-151	2	0	0.30694	1	0	0	1
sub-151	3	0	0.02931	1	0	0	1
sub-151	4	0	0.0208999999999999	1	0	0	1
sub-151	6	1	0.02661	1	0	0	1
sub-151	2	0	0.0326299999999999	1	0	0	1
sub-151	7	1	0.0229600000000001	1	0	0	1
sub-151	1	0	0.19615	1	0	0	1
sub-151	4	0	0.61886	1	0	0	1
sub-151	7	1	0.40716	1	0	1	1
sub-151	3	0	0.19636	1	0	1	1
sub-151	8	1	0.13754	1	0	1	1
sub-151	8	1	0.0257099999999999	1	0	1	1
sub-151	10	1	0.0323500000000001	1	0	1	1
sub-151	7	1	0.0227299999999999	1	0	1	1
sub-151	9	1	0.02867	1	0	1	1
sub-151	5	0	0.43535	1	0	1	1
sub-151	3	0	0.21401	1	0	1	1
sub-151	8	1	0.55348	1	0	1	1
sub-151	10	1	0.0266500000000001	1	0	1	1
sub-151	8	1	0.14939	1	0	1	1
sub-151	5	0	0.13899	1	0	1	1
sub-151	8	1	0.0276000000000001	1	0	1	1
sub-151	8	1	0.0168299999999999	1	0	1	1
sub-151	7	1	0.22402	1	0	1	1
sub-151	3	0	0.0301	1	0	0	2
sub-151	3	0	0.0222	1	0	0	2
sub-151	6	1	0.6464	1	0	0	2
sub-151	2	0	0.0184500000000001	1	0	0	2
sub-151	3	0	0.0244	1	0	0	2
sub-151	2	0	0.0301800000000001	1	0	0	2
sub-151	9	1	0.15415	1	0	0	2
sub-151	2	0	0.0260800000000001	1	0	0	2
sub-151	10	1	0.52841	1	0	1	2
sub-151	6	1	1.00174	1	0	1	2
sub-151	8	1	0.0254399999999999	1	0	1	2
sub-151	3	0	0.0316399999999999	1	0	1	2
sub-151	10	1	0.0218100000000001	1	0	1	2
sub-151	8	1	0.27808	1	0	1	2
sub-151	9	1	0.03311	1	0	1	2
sub-151	9	1	0.02382	1	0	1	2
sub-153	2	0	0.79065	1	0	0	1
sub-153	9	1	0.19697	1	0	0	1
sub-153	3	1	0.31978	1	0	0	1
sub-153	4	1	0.29221	1	0	0	1
sub-153	1	0	0.0481400000000001	1	0	0	1
sub-153	5	1	0.0216700000000001	1	0	0	1
sub-153	4	1	0.21122	1	0	0	1
sub-153	3	1	0.53394	1	0	0	1
sub-153	8	1	0.34907	1	0	1	1
sub-153	8	1	0.35485	1	0	1	1
sub-153	8	1	0.0269200000000001	1	0	1	1
sub-153	7	1	0.45005	1	0	1	1
sub-153	1	0	0.35579	1	0	1	1
sub-153	8	1	0.29519	1	0	1	1
sub-153	6	1	0.18441	1	0	1	1
sub-153	9	1	0.14019	1	0	1	1
sub-153	9	1	0.02268	1	0	0	1
sub-153	1	0	0.0285599999999999	1	0	0	1
sub-153	2	0	0.01762	1	0	0	1
sub-153	1	0	0.12487	1	0	0	1
sub-153	5	1	0.03148	1	0	0	1
sub-153	3	1	0.38909	1	0	0	1
sub-153	4	1	1.1623	1	0	0	1
sub-153	3	0	1.21829	1	0	0	1
sub-153	8	1	0.2546	1	0	1	1
sub-153	9	1	0.02674	1	0	1	1
sub-153	7	1	0.35123	1	0	1	1
sub-153	10	1	0.02302	1	0	1	1
sub-153	4	1	0.46312	1	0	1	1
sub-153	5	1	0.10204	1	0	1	1
sub-153	7	1	0.0242199999999999	1	0	1	1
sub-153	10	1	0.03026	1	0	1	1
sub-153	7	1	0.0198799999999999	1	0	1	2
sub-153	10	1	0.02555	1	0	1	2
sub-153	8	1	0.0328599999999999	1	0	1	2
sub-153	2	0	0.0232000000000001	1	0	1	2
sub-153	9	1	0.19617	1	0	1	2
sub-153	9	1	0.0185	1	0	1	2
sub-153	6	1	0.32484	1	0	1	2
sub-153	7	1	0.0302100000000001	1	0	1	2
sub-153	6	1	0.24298	1	0	0	2
sub-153	7	1	0.03321	1	0	0	2
sub-153	3	0	0.0234099999999999	1	0	0	2
sub-153	4	0	0.02919	1	0	0	2
sub-153	4	0	0.01857	1	0	0	2
sub-153	4	0	0.0244500000000001	1	0	0	2
sub-153	2	0	0.0301400000000001	1	0	0	2
sub-153	3	0	0.01956	1	0	0	2
sub-154	10	1	1.28711	1	0	1	1
sub-154	7	0	1.24305	1	0	1	1
sub-154	9	1	0.59969	1	0	1	1
sub-154	7	0	0.0214399999999999	1	0	1	1
sub-154	7	0	0.02721	1	0	1	1
sub-154	6	0	0.0332699999999999	1	0	1	1
sub-154	10	1	0.02349	1	0	1	1
sub-154	3	0	0.02936	1	0	1	1
sub-154	2	0	0.25344	1	0	0	1
sub-154	1	0	0.0258	1	0	0	1
sub-154	5	0	0.03288	1	0	0	1
sub-154	2	0	0.02322	1	0	0	1
sub-154	9	1	0.89664	1	0	0	1
sub-154	4	0	0.01834	1	0	0	1
sub-154	2	0	0.024	1	0	0	1
sub-154	4	0	0.03016	1	0	0	1
sub-154	5	0	1.20224	1	0	1	2
sub-154	8	1	0.24194	1	0	1	2
sub-154	8	1	0.0491299999999999	1	0	1	2
sub-154	2	0	0.0894299999999999	1	0	1	2
sub-154	9	1	0.29529	1	0	1	2
sub-154	9	1	0.56831	1	0	1	2
sub-154	8	0	0.02346	1	0	1	2
sub-154	7	0	0.02938	1	0	1	2
sub-154	2	0	0.56973	1	0	0	2
sub-154	1	0	0.0249999999999999	1	0	0	2
sub-154	4	0	0.03223	1	0	0	2
sub-154	2	0	0.02257	1	0	0	2
sub-154	3	0	0.02827	1	0	0	2
sub-154	8	0	0.16796	1	0	0	2
sub-154	6	0	0.75781	1	0	0	2
sub-154	1	0	0.37995	1	0	0	2
sub-154	4	0	0.83894	1	0	0	2
sub-154	1	0	0.52809	1	0	0	2
sub-154	1	0	0.51852	1	0	0	2
sub-154	2	0	0.52441	1	0	0	2
sub-154	5	0	0.73066	1	0	0	2
sub-154	4	0	0.56968	1	0	0	2
sub-154	7	0	0.79228	1	0	0	2
sub-154	1	0	0.79824	1	0	0	2
sub-154	8	0	1.5957	1	0	1	2
sub-154	9	1	0.81927	1	0	1	2
sub-154	8	0	0.52444	1	0	1	2
sub-154	7	0	0.48044	1	0	1	2
sub-154	5	0	0.48664	1	0	1	2
sub-154	9	1	0.5265	1	0	1	2
sub-154	7	0	0.44912	1	0	1	2
sub-154	3	0	0.37191	1	0	1	2
sub-157	4	1	0.09206	1	0	0	1
sub-157	4	1	0.39919	1	0	0	1
sub-157	5	1	0.40539	1	0	0	1
sub-157	3	1	1.19519	1	0	0	1
sub-157	1	0	0.10713	1	0	0	1
sub-157	9	1	0.43009	1	0	0	1
sub-157	3	1	0.90288	1	0	0	1
sub-157	4	1	0.65432	1	0	0	1
sub-157	4	1	0.40985	1	0	0	1
sub-157	1	0	0.40032	1	0	0	1
sub-157	8	1	0.43107	1	0	0	1
sub-157	6	1	0.33715	1	0	0	1
sub-157	3	1	0.44322	1	0	0	1
sub-157	2	0	1.74996	1	0	0	1
sub-157	2	0	0.32228	1	0	0	1
sub-157	8	1	0.49194	1	0	1	1
sub-157	10	1	0.29793	1	0	1	1
sub-157	5	1	0.35612	1	0	1	1
sub-157	9	1	0.39535	1	0	1	1
sub-157	10	1	0.3177	1	0	1	1
sub-157	7	1	0.35713	1	0	1	1
sub-157	2	0	0.59681	1	0	1	1
sub-157	7	1	0.33563	1	0	1	1
sub-157	8	1	0.0202100000000001	1	0	1	1
sub-157	5	1	0.26103	1	0	1	1
sub-157	8	1	0.35029	1	0	1	1
sub-157	10	1	0.35633	1	0	1	1
sub-157	8	1	0.3786	1	0	1	1
sub-157	9	1	0.40165	1	0	1	1
sub-157	8	1	0.20736	1	0	1	1
sub-157	1	0	0.59681	1	0	1	1
sub-157	5	0	1.60371	1	0	0	2
sub-157	4	1	0.22461	1	0	0	2
sub-157	2	0	0.19858	1	0	0	2
sub-157	1	0	0.07108	1	0	0	2
sub-157	3	1	0.34381	1	0	0	2
sub-157	4	1	0.0169699999999999	1	0	0	2
sub-157	2	0	0.40769	1	0	0	2
sub-157	9	1	0.39813	1	0	0	2
sub-157	6	1	0.50961	1	0	1	2
sub-157	7	1	0.46498	1	0	1	2
sub-157	10	1	0.38877	1	0	1	2
sub-157	4	1	0.61128	1	0	1	2
sub-157	10	1	0.41842	1	0	1	2
sub-157	10	1	0.3077	1	0	1	2
sub-157	10	1	0.0464599999999999	1	0	1	2
sub-157	8	1	0.01901	1	0	1	2
sub-158	3	0	0.68706	1	0	0	1
sub-158	2	0	1.01135	1	0	0	1
sub-158	3	0	1.31754	1	0	0	1
sub-158	4	0	0.7562	1	0	0	1
sub-158	7	0	1.26243	1	0	0	1
sub-158	5	0	1.20214	1	0	0	1
sub-158	2	0	0.74491	1	0	0	1
sub-158	9	1	0.15691	1	0	1	1
sub-158	7	0	1.68171	1	0	1	1
sub-158	10	1	0.43655	1	0	1	1
sub-158	8	1	0.60914	1	0	1	1
sub-158	10	1	0.39934	1	0	1	1
sub-158	6	0	0.25515	1	0	1	1
sub-158	4	0	0.94494	1	0	1	1
sub-158	8	1	0.41712	1	0	1	1
sub-158	1	0	0.92061	1	0	0	1
sub-158	2	0	0.2924	1	0	0	1
sub-158	5	0	0.86616	1	0	0	1
sub-158	4	0	1.35599	1	0	0	1
sub-158	3	0	1.0781	1	0	0	1
sub-158	8	1	0.38496	1	0	0	1
sub-158	4	0	0.50697	1	0	0	1
sub-158	4	0	1.28041	1	0	0	1
sub-158	10	1	0.4593	1	0	1	1
sub-158	8	0	0.74964	1	0	1	1
sub-158	8	1	0.17289	1	0	1	1
sub-158	7	0	0.44658	1	0	1	1
sub-158	2	0	0.73606	1	0	1	1
sub-158	7	1	0.82645	1	0	1	1
sub-158	10	1	0.74897	1	0	1	1
sub-158	5	0	0.52132	1	0	1	1
sub-158	1	0	0.02311	1	0	0	2
sub-158	10	1	0.39625	1	0	0	2
sub-158	1	0	0.93761	1	0	0	2
sub-158	1	0	0.81085	1	0	0	2
sub-158	3	0	1.20054	1	0	0	2
sub-158	1	0	0.38901	1	0	0	2
sub-158	6	0	0.47869	1	0	0	2
sub-158	1	0	0.10072	1	0	0	2
sub-158	10	1	0.51523	1	0	1	2
sub-158	4	0	0.45444	1	0	1	2
sub-158	6	0	0.39474	1	0	1	2
sub-158	8	1	0.43391	1	0	1	2
sub-158	10	1	0.55661	1	0	1	2
sub-158	9	1	0.54565	1	0	1	2
sub-158	8	1	0.70181	1	0	1	2
sub-158	7	1	0.60747	1	0	1	2
sub-159	8	1	0.61166	1	0	1	1
sub-159	9	1	0.25266	1	0	1	1
sub-159	6	0	0.37725	1	0	1	1
sub-159	4	0	0.0176400000000001	1	0	1	1
sub-159	8	0	1.04219	1	0	1	1
sub-159	10	1	0.19733	1	0	1	1
sub-159	7	0	0.28648	1	0	1	1
sub-159	9	1	0.07545	1	0	1	1
sub-159	1	0	0.25707	1	0	0	1
sub-159	4	0	0.2806	1	0	0	1
sub-159	6	0	0.10311	1	0	0	1
sub-159	4	0	0.02545	1	0	0	1
sub-159	1	0	0.29841	1	0	0	1
sub-159	4	0	0.25526	1	0	0	1
sub-159	3	0	0.1443	1	0	0	1
sub-159	9	1	0.45037	1	0	0	1
sub-159	8	0	0.54604	1	0	1	1
sub-159	5	0	0.30198	1	0	1	1
sub-159	4	0	0.22465	1	0	1	1
sub-159	8	0	0.34741	1	0	1	1
sub-159	7	0	0.08616	1	0	1	1
sub-159	7	0	0.44238	1	0	1	1
sub-159	9	1	0.11481	1	0	1	1
sub-159	7	0	0.33738	1	0	1	1
sub-159	8	1	0.33485	1	0	0	1
sub-159	3	0	0.0237499999999999	1	0	0	1
sub-159	4	0	0.06322	1	0	0	1
sub-159	5	0	0.0534699999999999	1	0	0	1
sub-159	2	0	0.0255399999999999	1	0	0	1
sub-159	2	0	0.03186	1	0	0	1
sub-159	4	0	0.27261	1	0	0	1
sub-159	2	0	0.07816	1	0	0	1
sub-159	5	0	0.11611	1	0	0	2
sub-159	3	0	0.0207999999999999	1	0	0	2
sub-159	2	0	0.14482	1	0	0	2
sub-159	3	0	0.0336000000000001	1	0	0	2
sub-159	3	0	0.12423	1	0	0	2
sub-159	8	1	1.36457	1	0	0	2
sub-159	1	0	0.01952	1	0	0	2
sub-159	4	0	0.30878	1	0	0	2
sub-159	2	0	0.01902	1	0	1	2
sub-159	5	0	0.02542	1	0	1	2
sub-159	7	1	0.43261	1	0	1	2
sub-159	10	1	0.13796	1	0	1	2
sub-159	8	1	0.0607500000000001	1	0	1	2
sub-159	8	1	0.09979	1	0	1	2
sub-159	7	1	0.0226200000000001	1	0	1	2
sub-159	7	1	0.02806	1	0	1	2
