1.868220618  
-5.535908918  
-1.278660236  
2.050544045  
-1.761255484  
-2.015627023  
-7.555011368  
-5.182260135  
10.25602228  
4.80321108  
18.079057  
2.539290882  
0.3819608446  
-4.826699665  
2.939604221  
1.897053045  
3.810262605  
-0.2393589239  
17.24082917  
-0.8878522623  
-1.364560628  
2.001128046  
-0.415719785  
-8.508461954  
9.793030986  
-6.104304433  
1.498169019  
-0.2605302027  
31.37122164  
-1.744003577  
4.154164383  
-3.883486949  
0.07724322118  
6.636907187  
-20.6637942  
-19.89404388  
-2.875251138  
7.898406396  
-1.021272235  
5.649662798  
-0.06924337213  
3.065843032  
-1.285669398  
-9.315628282  
12.3670925  
4.543677745  
-10.29995359  
