3.430625757  
0.2285204556  
-1.042935892  
5.400651668  
1.408304273  
-1.492471017  
-11.21908103  
1.405464096  
-6.198707893  
2.483334508  
-0.373902255  
-2.275315421  
1.029129466  
-11.89014554  
-0.4122243178  
1.747971558  
-4.010128657  
-4.30412155  
-0.2529827043  
-3.392106007  
-0.3901105973  
3.932691121  
1.868824705  
5.720396853  
8.946426701  
-4.155473926  
-5.929105075  
-6.819993136  
6.842597041  
5.002802436  
-1.128563162  
5.885475737  
5.863888076  
4.600358592  
-6.839416993  
7.458649018  
-0.3985419071  
3.782746146  
-0.6127237262  
-1.316110369  
-4.166567928  
13.19208486  
6.150511461  
4.977725607  
4.081573418  
-6.017783162  
-2.360139653  
