3.754674307  
-6.036926603  
-7.308738035  
1.054917358  
-0.4254012942  
-0.7354182756  
-6.781666929  
7.852327632  
-0.6328056985  
-9.051787978  
2.181642999  
7.205058728  
4.458681502  
-18.53226817  
-1.745324181  
2.119551712  
0.2587946692  
-4.263080134  
-4.576193243  
-1.142238864  
0.9867213249  
-0.2839053869  
-3.284515713  
-3.315875942  
10.90594342  
-1.634843939  
-10.66092859  
0.7246811535  
21.25186753  
-12.28291788  
6.446270356  
1.781253395  
-7.14491414  
3.618268524  
2.487942091  
-14.89634206  
-9.472188854  
12.74562921  
13.80105702  
5.006766791  
-9.095622089  
-5.457340954  
0.4850908597  
-16.43639159  
-16.09431044  
-15.83011605  
-5.047702629  
