-1.018588032  
1.714150957  
-1.561148908  
-3.0860346  
-1.212743327  
-4.216505433  
-1.001625223  
-1.304515495  
3.897019656  
-0.9560888909  
2.055411923  
0.5030424913  
1.592882198  
-0.7354444502  
-0.131226132  
0.632738989  
1.779896045  
-0.8116114582  
3.742688568  
0.9230931261  
-0.3089960173  
3.20306806  
-3.008945138  
0.02107587947  
-1.556658971  
-2.494024548  
-2.890793428  
-0.0452225293  
2.288551016  
2.609904581  
1.143178225  
-0.8521968892  
-1.115204098  
0.3245074728  
0.262436162  
0.2985445133  
0.9991152578  
-0.8415001289  
-0.5559228529  
1.114008199  
-0.8784372437  
-1.118158505  
-0.07121657786  
-0.5502937408  
-3.425541214  
-2.223629124  
-0.8311721764  
