1.383496034  
2.195707256  
-1.493691656  
9.571434528  
2.166048581  
-5.315276244  
-1.959076503  
3.523109063  
-0.9625016212  
11.46737525  
14.73994593  
-9.927199425  
1.539609072  
6.226131203  
-8.433492371  
-0.3700578851  
8.601987047  
-1.833966204  
-17.6051979  
-6.869144893  
4.503319876  
3.210340176  
1.962530663  
1.43398924  
-2.276317524  
-14.93026606  
26.13725014  
-14.5456412  
0.34423662  
-0.4650287537  
-0.6057046831  
-0.6144002455  
-10.20488462  
-1.54378624  
3.796778345  
11.66166015  
-6.463854874  
5.939926822  
-6.36988272  
1.348527749  
-6.550641622  
10.33548989  
6.174168932  
7.122524058  
6.587986296  
-1.643326681  
4.845790371  
