-0.9912568422  
-3.066174778  
1.84619328  
3.415695662  
3.161810789  
0.3252285427  
-1.116623227  
-3.675665079  
-5.418253655  
5.640828035  
1.262764621  
-0.05404673362  
-1.495462686  
4.612603137  
1.809110126  
-5.798902161  
-3.122230629  
-0.7893444244  
-1.027736978  
1.251185398  
2.276843858  
1.505469935  
-5.801662855  
-1.420475448  
1.666975013  
1.259392142  
-0.09272202159  
-0.7110335858  
-1.558937971  
-6.616240639  
0.3754040816  
2.741840907  
0.3385412757  
-0.7881303476  
1.612927954  
0.5895301067  
6.217253785  
-3.531321231  
-3.786600119  
2.75405176  
-4.346532745  
1.507459959  
-2.578542153  
3.963544557  
5.24683557  
4.800222007  
4.813366004  
