0.558910506  
2.416309927  
-1.46251784  
3.28081572  
-3.055891169  
3.407905491  
4.224183698  
-2.780355843  
-3.79809538  
-3.917269453  
-3.253969659  
-0.198350376  
-0.005165325415  
2.946949379  
0.02885437061  
1.54671524  
-4.517952675  
-2.710838273  
-0.5468237432  
-0.007960448222  
-3.716500316  
1.532358028  
6.598971557  
1.656166899  
-2.139720662  
-2.599575821  
-0.410075787  
-0.9347085812  
0.04926795654  
0.3440576436  
2.996463153  
-0.2230755211  
-0.5238243448  
2.221232153  
-0.2242289225  
2.84181269  
-0.7194174005  
-1.104976954  
-1.524814491  
-1.153134767  
-2.022100007  
3.482626472  
-2.478535917  
-3.91015388  
-1.336968956  
0.009658233219  
4.657022627  
