4.176859965  
-3.542287488  
-2.550033845  
-2.19609024  
-0.7418215205  
-2.07315321  
-3.147454439  
-0.1102193469  
6.59181315  
-1.438529285  
0.5968336435  
-0.9629646052  
2.353419706  
-1.12773214  
-1.068314784  
0.8151046066  
-0.2819421135  
-2.70445906  
0.9463323208  
0.9602814878  
0.925993245  
1.123802402  
8.542526891  
-0.2188052048  
-2.690346367  
0.7329237656  
3.083103667  
-0.5388907744  
1.420438321  
-0.01813877323  
-0.8460019075  
-1.033338678  
0.7565489234  
2.288305539  
-5.424386947  
2.128528115  
1.293337091  
3.626609981  
-2.331969723  
-2.542536236  
0.5015656103  
2.013217297  
-1.142254041  
0.7195616454  
-0.7538322498  
0.477450236  
-1.361833796  
