-1.843599986  
1.069148562  
1.134630415  
0.5040659326  
-1.389253912  
-1.970548687  
-1.637777005  
-1.79274438  
1.154001849  
-3.939029045  
1.514841176  
-0.9595463244  
-0.3727520629  
-0.9053130672  
1.267367281  
-0.652952448  
0.8091143433  
2.755776964  
-1.641627175  
-0.3867321514  
2.099036186  
2.788518031  
-2.142595099  
0.338128224  
3.896921197  
-0.327450705  
-1.319060348  
2.607582216  
-1.402714373  
2.457220082  
-4.023107873  
-1.384204313  
2.584872393  
-3.092148818  
10.79245817  
0.9486716592  
-0.6419384052  
1.111304286  
1.162764292  
-1.186035549  
2.263255302  
0.3043785235  
-2.875792872  
-3.515919447  
-3.454582797  
1.70196794  
1.304773738  
