2.341586805  
3.187285181  
0.03171184876  
1.872501085  
7.31530309  
1.558958729  
6.198438804  
2.519987971  
11.42860911  
-2.427319113  
8.916840663  
-0.07354838424  
2.695872982  
3.572748082  
-2.755070531  
-1.210823492  
0.2806162559  
-4.650836582  
0.2897498963  
-3.201328718  
1.733896596  
2.027245517  
-1.082452558  
0.3944155746  
8.174009023  
-1.679669724  
-17.17710154  
-1.482315619  
4.885352528  
1.048847828  
5.225653311  
-2.705170782  
-3.780741835  
4.478305591  
6.781948475  
-7.329802659  
1.966962632  
-5.578817355  
-1.696067802  
-7.225862199  
-1.938336407  
1.457131908  
-0.8535473982  
-0.9892819794  
-9.930590724  
1.695426821  
-1.52804819  
