-0.5678702981  
-4.351865036  
1.896775799  
-3.028438813  
-3.130559938  
-5.401375218  
12.38298399  
-2.673788147  
-1.792098018  
3.105726909  
7.861389286  
-2.098435039  
-2.933212834  
13.29466099  
0.1512654439  
-3.054356007  
2.572075963  
0.06286229597  
0.7959814277  
1.13117829  
-1.197273977  
2.819746792  
2.518060025  
-2.104480059  
-3.781450321  
-11.05399916  
-3.070976994  
-6.083672341  
2.88025722  
-4.975144746  
2.058828757  
0.03790837682  
-0.7974978245  
-4.034258616  
3.514220095  
7.496089116  
8.686709067  
5.336871214  
0.2444810036  
-8.959047741  
-1.471287356  
5.247509149  
1.66084787  
-7.231447613  
1.940282476  
-0.640679943  
-2.568016781  
