-2.460927268  
4.615913735  
1.430649611  
-1.834164816  
10.53771905  
7.829474744  
0.5602098648  
-1.439998986  
-1.695306704  
2.910697592  
-5.224556384  
-1.482146496  
2.254397125  
-9.347691273  
1.740879349  
-2.29603971  
7.808361111  
-12.94887198  
19.0931692  
2.036077978  
-2.462329043  
5.31014066  
1.722385071  
0.9617845467  
-9.971113314  
5.83276077  
-1.663361647  
-2.744243688  
-2.066916271  
4.966334849  
-21.67738526  
-3.095121067  
2.968660648  
4.814958472  
-4.79658742  
-3.300427372  
4.016299883  
2.30960718  
-3.036586762  
-1.717895801  
-0.6706876048  
2.662089925  
-5.74137412  
29.28295958  
3.56914425  
0.4185827253  
-9.322945983  
