-0.5120904697  
-2.055026021  
-2.224010518  
3.520879515  
-2.167153133  
0.980242635  
-0.7194932516  
-1.357083156  
-1.937627475  
0.9985423834  
-2.572801882  
-2.553975219  
-1.490670017  
1.707675676  
-1.453346378  
0.61701785  
0.3370348975  
-1.611904013  
-1.634731736  
3.456167849  
5.316683169  
4.288244388  
-2.251427608  
1.552609632  
0.3913839826  
-2.1437599  
1.720066924  
-1.139163741  
-5.787069226  
-5.674615763  
1.579381887  
-0.2864672478  
0.6308529427  
-2.742118682  
3.152244083  
1.758318916  
-0.8569498574  
-0.4218159329  
-0.2812873052  
-0.3499011863  
-0.920177635  
4.741269214  
1.784707725  
-3.391872788  
-1.430609412  
-1.109891615  
1.710254186  
