3.764102217  
-8.412252594  
-0.1479120974  
-1.13305008  
-3.778044062  
0.8981291406  
-13.27241382  
-3.08340194  
-8.998467328  
-0.4846994411  
-0.7289345616  
-3.024291764  
5.434848574  
6.075446763  
4.799803799  
-3.175528335  
-1.788688671  
-6.077270056  
-2.157231342  
2.712034559  
2.491183316  
-2.22664798  
-4.699069583  
5.291927548  
-5.19468396  
0.1004643198  
1.177474148  
-8.604675404  
3.257787361  
-1.473317175  
2.813772902  
0.1321354235  
-1.229769964  
-6.568266379  
5.514300313  
-1.404201135  
4.639975975  
2.297494694  
-3.120792946  
-4.411567068  
-5.249069753  
-19.82682631  
-1.909404467  
-3.118069679  
3.604355987  
-0.9902950147  
-5.333803887  
