-1.02585501  
2.415776385  
-1.180427825  
2.404808345  
-5.154688085  
-4.305108357  
-4.496872292  
-6.803246334  
-6.860785528  
2.475188011  
12.76224332  
10.94114978  
-2.109783009  
-13.47066307  
-4.790629722  
-5.439535318  
-11.71031271  
11.08280212  
14.48484561  
4.687293941  
1.869906539  
3.834155621  
0.560873402  
7.806909221  
11.57266232  
-6.511937768  
-15.87258286  
6.12955973  
9.971353531  
11.07936447  
-10.67111527  
0.8089159713  
-0.5510866751  
2.636021552  
-9.345870167  
-24.45938282  
-18.9363471  
-10.07869093  
-11.13502633  
-15.3149635  
2.24862104  
10.47176284  
-0.2410962105  
19.72237414  
1.90730797  
-0.8675570237  
-6.18337715  
