2.964907059  
2.552740426  
-3.486697566  
4.85107502  
2.925381797  
5.374108813  
-0.797084747  
3.059175073  
3.981811455  
-4.606125193  
0.6813578097  
4.041590092  
6.113892815  
-1.260156894  
2.455023889  
-3.201653406  
6.241346613  
-5.59413843  
1.060320066  
6.531575871  
2.823763966  
-1.799506287  
3.31316692  
13.26911208  
15.86072948  
-5.323914892  
-6.839546137  
0.1214395892  
2.772461314  
2.93040143  
-5.527129639  
2.379185451  
0.8071375129  
-4.516812174  
15.26840869  
-13.13138862  
-4.864452897  
-3.99350549  
2.750795231  
-1.239565639  
5.423355034  
7.078326575  
-2.854677567  
10.25493516  
4.182904688  
-1.695997064  
3.698313191  
