-0.6422210359  
1.345639489  
-2.276073774  
2.506323452  
-1.258710858  
-4.921704247  
-4.328823284  
2.013242056  
2.161175638  
6.426175524  
1.103136667  
2.134862607  
-3.536045094  
-4.079290813  
1.249546733  
0.8110694176  
-0.006078357228  
4.084786461  
-1.57127719  
0.1989419218  
3.983830576  
2.865449145  
3.028289496  
-0.1270157023  
0.02072656043  
5.679871918  
-3.704284157  
-1.782677418  
3.306846387  
-5.84192216  
1.810327192  
-0.1828881872  
0.2148056325  
0.6060162891  
-1.94597796  
11.47996332  
-3.606061135  
-0.4131354329  
-0.1085800624  
4.033900398  
-1.537215797  
-1.370529749  
0.4207410248  
-3.248565625  
3.029561469  
0.1184258822  
-0.08462564838  
