-0.03160874046  
-0.2532887898  
4.66862082  
-1.426470033  
1.992451905  
-4.435471334  
1.751167428  
3.58425641  
6.33517037  
-2.238776674  
-4.212228023  
2.416676922  
1.138864567  
-0.90828541  
1.149630581  
-1.166005151  
1.721202814  
0.1016576167  
-1.864540239  
3.468329497  
-0.4239178622  
0.548654276  
-5.539874086  
-0.2657305564  
-0.04110282843  
-2.992035496  
-3.728396477  
-0.01358835115  
4.112320998  
-1.023201036  
-0.1502950585  
-0.6751455184  
-2.619755855  
3.719748658  
4.693965941  
-1.000945474  
5.59000885  
3.963424018  
-4.992242143  
-6.112962336  
3.183111798  
6.626400385  
-0.8135562618  
0.7987336659  
-8.472482753  
0.07865947393  
-0.5497341578  
