0.6771146841  
-4.046556114  
-0.7560356208  
-2.349744  
0.4838333907  
-6.355506032  
3.759062117  
-0.2631993309  
-1.185068016  
2.206255136  
0.2079627786  
4.743955329  
2.534000645  
-5.074086981  
-1.450759937  
-4.084250977  
-2.729211591  
1.316727622  
-4.034792325  
0.894350476  
3.365224303  
0.9241565807  
-2.405456391  
-0.9964568294  
-1.802377975  
2.898128742  
-2.205855714  
0.3461395325  
15.70164809  
8.495423969  
-3.362388332  
1.303287612  
1.007870903  
-3.626849791  
-1.430454676  
3.840746375  
1.187783993  
-0.6766436176  
-3.177761245  
3.132467395  
-0.4538580126  
-3.443621255  
-2.649923788  
0.07805524016  
-9.83978546  
2.795100181  
-3.215653147  
