1.115404808  
-1.534045603  
-2.413419741  
-0.9975168782  
4.385589452  
-1.847771744  
0.4512456381  
-3.296796135  
0.5916686054  
-1.359989933  
2.157778398  
-4.592552543  
-1.017327042  
-0.4294559726  
-0.5218354368  
-1.374033523  
1.992699817  
-3.845226266  
0.2196382046  
2.519025465  
1.2304784  
3.528594111  
-7.122938337  
-1.93190738  
-2.489275619  
-1.862490599  
-5.034674675  
2.541280464  
-0.9666903815  
-5.43895328  
-0.9017834753  
-2.052795554  
-0.8783703537  
-0.4814999866  
1.994296994  
4.318589195  
-1.564566234  
-1.570318477  
0.7035713752  
-0.6767059846  
-1.699193273  
1.498555937  
-1.673565573  
1.777958324  
5.103406416  
0.829669663  
3.741868368  
