-2.673662204  
1.917127766  
-1.518723755  
-1.885807525  
-3.225471983  
3.98053695  
1.935052384  
2.87899179  
-1.083165271  
-0.2209925484  
1.172016467  
-1.478436837  
2.279876288  
1.55829205  
-0.5960104876  
-2.115092731  
-2.34162417  
-0.9618968107  
1.651048411  
-1.978513212  
-0.7590926278  
0.07063318886  
-0.6776410728  
-1.332651128  
-0.01262194228  
-1.247606962  
-4.435731057  
0.04945111553  
-0.3696570179  
-3.378933805  
0.7933233853  
0.2596745762  
-1.216297945  
-0.1548304289  
-4.783625753  
0.3870604606  
1.148941843  
-1.530202865  
0.3850942007  
-0.4889316802  
2.720239676  
-0.9559455956  
0.6061484261  
0.1126421014  
0.5115242897  
-1.596148435  
2.932521145  
