0.4744454851  
-0.07208348191  
0.9872068193  
0.5593462339  
1.841415405  
-2.327105321  
-0.5782167972  
1.880631165  
2.085945256  
2.895922777  
-0.6743249532  
-0.9756909859  
-1.833143414  
3.348695429  
-0.3768805853  
-1.510215866  
-1.130744771  
0.8543068273  
1.008635839  
1.942166171  
3.433348564  
1.318301029  
0.6718234562  
3.972201604  
-0.8221776512  
1.90396976  
2.132844196  
-0.2498722869  
-4.258653736  
-4.750544125  
2.27982864  
-0.5744448807  
0.7931683269  
0.6394537105  
-0.6239373221  
-1.00734379  
-0.2955632238  
1.517537722  
-1.290613142  
0.03471653258  
2.653522233  
0.06335869944  
0.7689352346  
-1.469533455  
-3.963507544  
-0.783466724  
0.2126072301  
