3.089481686  
-3.31149615  
-1.147208767  
2.073706703  
-1.709017715  
5.138945928  
-22.90970847  
-5.5964524  
-3.137586021  
3.222101968  
-1.542910588  
2.506482818  
0.01225890995  
6.448538548  
2.160151016  
-7.437512998  
-2.597604327  
-6.079097491  
3.173070646  
-1.613494661  
-3.987451338  
-6.976788308  
1.542265461  
2.500618548  
10.22197106  
-4.176528604  
-3.161895739  
-3.204035643  
1.430882552  
1.337070871  
-2.123772725  
2.220619141  
1.872731398  
-13.75507931  
-3.772562792  
-0.8748816488  
3.19120921  
2.252983316  
3.945969741  
0.03794089487  
-5.052782075  
13.36453689  
-0.7902123237  
1.220372921  
-8.438504453  
-5.637859803  
-4.51565672  
