5.555347591  
3.635605781  
0.5383807976  
2.123763922  
-0.4427816895  
-1.668307149  
-1.066192424  
-0.8618310281  
2.632971217  
-1.282189988  
1.967666549  
-1.074254445  
-6.705780507  
-2.42833678  
2.396969101  
-2.75313129  
-5.965024404  
3.716101159  
0.3699846186  
-0.1555110277  
0.1982032899  
-2.882269537  
0.3658467664  
0.241688433  
-2.593618895  
-0.5307109648  
-3.424031617  
-1.132625185  
3.501305364  
-3.534879434  
-0.907781549  
-3.2670537  
0.3650319471  
2.813590697  
-3.016743618  
1.145639982  
-2.94191215  
-1.279967822  
-0.5948596752  
3.105661377  
-3.661488386  
-2.214767795  
3.923718022  
-8.555466903  
0.7914591823  
0.4659232702  
1.012013442  
