5.337369876  
2.529506136  
-1.765487386  
1.114974557  
6.683590272  
0.9180555227  
9.37378196  
-0.3330038694  
0.9593774597  
-2.039098634  
8.61837569  
1.925326791  
-3.846803636  
-18.689977  
12.4378851  
-7.030568896  
13.73014342  
-3.557681635  
-10.76650834  
1.132565629  
-2.126667631  
-2.44732285  
-9.501043636  
1.996672033  
-2.355294512  
-5.257376624  
10.12063226  
-3.830988715  
21.29827098  
4.059311021  
2.345099398  
-2.522381969  
0.1846057349  
12.47387358  
29.48698075  
1.164702419  
2.059930493  
-9.086621983  
-1.426790227  
2.593463186  
0.1125538111  
-4.391694006  
1.863645144  
4.333862338  
3.935405041  
-0.8847068821  
0.1457477017  
