0.5694599796  
0.3464497765  
-0.0446511282  
-0.1546149746  
1.741371976  
-3.661361335  
-2.773409718  
-1.14767448  
2.996428487  
-1.610015953  
-0.8475402903  
-2.703655295  
2.165047852  
4.100602663  
0.3867971374  
-0.5496236603  
-0.09826439712  
1.703538839  
3.241845897  
-2.894291449  
1.02464317  
-4.042595857  
0.3634526095  
1.33867668  
-3.055525076  
-0.2408302115  
-0.256971878  
1.659913229  
5.247156905  
2.934463222  
-0.3985680047  
2.140533503  
2.433342334  
-2.101722624  
7.249334878  
-0.7845741801  
2.245697996  
-1.529083722  
5.954846224  
0.1686771146  
-0.5183798186  
-0.5937609947  
-0.6941366948  
7.67799602  
-3.911027809  
3.534909821  
-1.298551141  
