-0.3920171001  
-0.8247075439  
-1.264346048  
5.867349887  
-1.912767409  
-2.253695745  
3.28383408  
0.1985803523  
-2.209050401  
0.3704165864  
-2.678951133  
-2.240153923  
-1.52588693  
-2.99464582  
-0.1345537089  
1.068439628  
6.217042272  
1.095610646  
-1.153459812  
0.4134785837  
0.04847631284  
-0.8270935898  
-2.639148223  
-2.302312341  
-6.078384417  
-3.485893257  
-1.160198999  
-2.700469235  
3.431236052  
-1.353180656  
-4.291909017  
2.358661324  
-0.8269493686  
0.2494642173  
1.648075223  
-5.994416391  
1.243759842  
2.49306212  
-1.946616696  
1.897457687  
1.290472616  
-2.139890657  
-1.577135352  
11.47450171  
-5.208359454  
-0.1481562691  
-0.01898476815  
