-6.328184828  
-2.676708519  
-5.299112631  
4.358053236  
-4.689027732  
-4.185501653  
-5.985692622  
0.6239395219  
-10.75889048  
0.2905520521  
0.2402413423  
2.006297727  
-5.763550504  
-14.83726187  
-2.666945557  
-8.101389932  
-4.600094044  
4.902011195  
-1.220364472  
-9.62796318  
1.866754122  
2.395171702  
-0.3300375401  
3.743829572  
0.1280188496  
7.091212806  
-6.568891987  
-0.8884098274  
3.971298552  
2.493132021  
-4.874662445  
-1.035315338  
-0.3627693018  
1.245543306  
-3.656371593  
14.12136354  
9.537717846  
-0.7413309968  
-1.25027649  
-5.101172022  
-3.200575774  
-9.879124444  
-2.390528435  
10.02772487  
-6.452955114  
-7.484280923  
-2.219061603  
