-4.664376544  
0.6200991286  
3.362140802  
-6.326573315  
6.85693936  
3.673107508  
11.04617833  
1.966309356  
2.531393413  
-5.010948605  
-8.889733281  
-1.999546815  
-3.05318493  
-5.348887379  
-0.006623626403  
2.39191376  
2.951254154  
-2.648585237  
1.495921892  
0.9595614827  
0.1285323838  
-3.959155728  
-2.250807379  
-0.2510487502  
-6.900609242  
-14.09858413  
13.53008284  
0.2878963465  
5.770965553  
0.1963571116  
-8.564588755  
-1.934100247  
-8.498723979  
-11.08832222  
6.407077686  
4.32248044  
-3.491122971  
-7.656239086  
11.19362603  
0.3365722422  
12.54275658  
-8.344927277  
-5.66652609  
3.569989821  
-3.281481425  
3.660698657  
-10.14987708  
