-1.725956759  
5.791338036  
-9.51291155  
-11.43912284  
-0.7021624777  
-0.254712259  
3.886565418  
-4.74916418  
-2.233707355  
-0.2866240782  
-3.69241026  
9.985497314  
5.214015729  
6.42391751  
-0.7049342472  
-0.1099477747  
-6.041228901  
0.003375321627  
-4.138642534  
0.2579356127  
-6.058391524  
6.017633735  
5.156717176  
5.398222897  
3.44587077  
-12.48219844  
13.56415725  
3.719135751  
13.21225491  
-6.598143555  
-7.509554536  
9.640477377  
9.190968612  
3.636641555  
-6.515578355  
-13.18077927  
-0.7945473725  
6.414537503  
3.646797823  
5.578992008  
-0.338569071  
12.59898919  
1.921877013  
7.112884503  
10.19076451  
-4.663433212  
8.507815071  
