-0.6468752176  
0.4898428586  
0.4580964334  
-6.344339144  
2.145402102  
-5.396284822  
-0.5602710153  
0.8157165903  
1.56880772  
-0.2394875417  
-0.2770717382  
4.179384643  
-2.726971737  
2.583069599  
-1.535147587  
-0.1477421224  
1.848447059  
-1.761457726  
-1.754285199  
0.3525477072  
0.2186060642  
-4.842556788  
5.150827732  
2.228692107  
0.2577262312  
0.8304861271  
3.821766049  
2.026406329  
-11.62763619  
-3.011426438  
-1.975375309  
7.175433623  
-1.17201401  
1.365783494  
3.312640913  
1.365144611  
-5.688088504  
0.05846628956  
0.4315015921  
3.918081159  
0.6374049053  
-2.169089794  
6.5173351  
-3.895095995  
2.049437856  
0.1594545468  
-3.003698412  
