-0.3473990369  
-4.259751883  
2.45669295  
-0.4067216718  
-5.454462648  
-6.331920191  
1.938898604  
-2.516681131  
-0.6312849316  
3.909973193  
-1.549425844  
1.346664663  
7.117355458  
-6.761665259  
0.5408634547  
-0.9117213844  
-5.748632768  
-1.996251596  
2.73542032  
-0.4079195783  
0.2488644006  
1.142370837  
5.875005877  
-0.4621693658  
2.75815286  
-6.033569887  
-9.499228774  
3.447836734  
3.33916218  
5.904627253  
4.307526781  
-0.1351370588  
2.036885343  
1.76358252  
-4.025475435  
2.5662489  
-7.700818398  
-1.881418241  
-3.542197741  
0.2005068948  
-4.560105905  
2.972635316  
1.143459269  
3.119684032  
0.1510385465  
-3.658310549  
-15.74023965  
