-6.47256045  
-5.389467066  
1.415030534  
3.152552533  
8.534999212  
-2.756650273  
-1.388149168  
3.249432908  
-6.293875137  
-5.19888118  
-1.437122205  
-1.124718107  
-2.369783452  
1.121400672  
0.2975209309  
-1.444069921  
0.7983880512  
0.5898375231  
-4.125273095  
-2.089899281  
1.056697519  
3.917500321  
-10.8252265  
-2.158154778  
-0.4228498147  
-6.264022259  
-6.292742715  
1.376424425  
-3.994721394  
-1.44950704  
-2.265015053  
-0.1897987409  
-1.592202969  
0.5671910829  
3.903281201  
2.451465271  
2.102936477  
-6.570091507  
1.303547869  
3.620266088  
3.195940798  
-2.491472298  
-4.186757163  
1.705437128  
7.106305702  
10.2174443  
3.578213019  
