-1.212471752  
-0.787460864  
3.617579113  
0.3641509273  
3.524544177  
-1.561067807  
-0.1807581894  
1.561746215  
-1.410889585  
-1.034705728  
0.1201777934  
-1.577740179  
0.02427175062  
-0.6522379714  
2.767255946  
-2.285743082  
-6.85947166  
0.942002314  
-3.941108999  
-1.088207866  
1.553904299  
0.8749989602  
-9.492726518  
1.617663998  
-0.1717900307  
-2.034677677  
-1.523592842  
1.33794325  
-6.276689867  
-2.987339747  
0.535880225  
-1.45842114  
1.187351083  
1.199819738  
-2.57821546  
-2.594372672  
3.868510232  
3.151651788  
-0.7499975752  
-4.372717695  
-2.215315736  
-1.669337411  
-1.069344262  
3.272141358  
6.518301604  
2.982874201  
-3.412116116  
