2.887563786  
-1.424963162  
1.54583707  
3.90922024  
-1.957514473  
2.610481744  
-0.284478128  
-4.430910147  
3.706691754  
-0.9747724012  
-1.613586227  
0.4649085556  
-2.853548244  
5.08112977  
-1.273436828  
2.916683206  
0.5851269725  
-2.942079453  
0.2445401674  
1.837268643  
2.342899048  
5.415856868  
-5.506801787  
1.107120058  
3.30351902  
1.728072248  
-0.05196575241  
-0.9645866681  
-7.702940391  
0.0002145713402  
-3.350782155  
3.080476971  
0.3050051058  
-1.272855413  
-2.369589387  
-1.142851487  
0.05321436562  
0.6826159975  
-3.158962612  
2.860767562  
3.408892862  
-1.874753579  
0.7861604219  
-8.016284254  
2.91202598  
0.384396509  
-3.89247635  
