7.254967815  
0.5366168585  
-4.86277681  
-8.159737412  
-0.2691229416  
10.68774588  
-0.6440531061  
-6.034385535  
5.121600487  
-9.98012926  
-9.955337448  
-4.964768186  
-0.289068483  
8.897060728  
-1.436833426  
-0.9776102735  
-7.642078756  
2.629435719  
-2.94334318  
3.531705345  
-2.355128769  
25.56247596  
-9.185376588  
2.255594109  
-2.827853112  
11.24028505  
22.49462044  
0.4892121752  
20.01030921  
-4.030114682  
-11.68601516  
2.895272291  
9.714753341  
-2.216716942  
-25.89905691  
19.80184362  
4.778508348  
18.00852584  
15.10612704  
-0.1437234381  
7.786426264  
15.45033263  
-1.858805925  
14.09333401  
1.801731226  
-0.4888620757  
1.068539932  
