6.146549469  
4.052593708  
-2.713395769  
-5.816031134  
12.36200708  
-2.699650433  
17.54454604  
-0.4361989972  
9.430189948  
-2.927627095  
1.78848395  
-2.414478882  
-2.028895345  
-8.41463482  
2.594974425  
-3.48128783  
-0.8316329494  
4.380333449  
-0.8121026672  
-3.223277656  
-1.750114408  
0.1453381334  
-11.38591619  
4.440166062  
-4.514538557  
-10.65610306  
30.83863429  
2.258736908  
2.212598876  
0.3318790553  
6.266464291  
-4.231318197  
-6.031880369  
-7.185902551  
8.672973901  
-17.82518978  
-11.84817062  
-11.59302706  
2.571617537  
-8.102284654  
0.2353679472  
25.59401707  
3.949956886  
-18.74348021  
-0.3284304001  
-4.72072828  
1.129169092  
