-4.02482729  
1.700674757  
2.451748494  
3.500326577  
-3.036549512  
-4.143079825  
-5.927899859  
2.243756912  
3.155656526  
5.759590261  
-5.271329722  
-2.584429593  
3.009734947  
-2.014476454  
0.01977409629  
-0.6615649625  
1.361214416  
-4.13777376  
-0.1967495802  
1.545045481  
1.117543096  
2.002165888  
-3.216334562  
2.257118536  
-5.335421089  
1.927885168  
-3.065216848  
1.621985773  
0.785166507  
4.025620704  
5.433357876  
-2.26234449  
0.2797614609  
0.579802625  
-13.18917629  
2.0671635  
-1.691127564  
1.52838757  
-4.104068379  
0.276224816  
-2.228318467  
1.782678703  
-2.749574667  
-7.173293942  
4.306163931  
-3.476937351  
1.14286052  
