6.433935415  
0.1407759618  
-3.293597843  
3.551976239  
-3.622773783  
-13.25692746  
7.850611394  
-12.31679467  
-7.513515302  
0.6325655441  
-6.93765809  
-1.758049633  
-1.060091945  
13.97040222  
-10.35299029  
-0.4552948387  
-1.55175082  
-1.657918567  
-4.888905972  
-2.202955791  
4.040773626  
19.41500876  
-8.654801705  
3.493156262  
-2.582563593  
-0.8403908475  
6.931233088  
0.1891194091  
7.992421286  
1.416045452  
-0.2446976053  
5.892365924  
0.6173224056  
-0.0285431343  
-11.28296256  
-16.17359542  
10.61933775  
15.43562342  
9.843016584  
-23.44134346  
13.34763026  
-6.04294244  
-2.598170811  
10.63520835  
-4.08084722  
-4.757953483  
-6.642617592  
