1.791313485  
1.78138004  
3.705829982  
-1.1962014  
-1.337670275  
-0.6009687808  
3.016066685  
-1.805436904  
6.784355811  
2.546795889  
-3.869209989  
3.2507618  
-7.623287469  
-3.158202182  
2.646048172  
2.554087576  
-2.256719871  
-0.1639724428  
-2.690586562  
-0.3248487274  
-1.404358271  
0.1274992404  
4.585460787  
-1.092470107  
1.942492049  
4.000567463  
0.7543881847  
-1.68296642  
-4.178282627  
-2.062051708  
-2.519535512  
0.3777645928  
-1.849591193  
1.737371139  
0.9985303567  
0.9644910842  
0.7044065364  
1.847219316  
-2.335002573  
8.367062915  
4.958993337  
-2.723409108  
-2.229230296  
-4.337500234  
-3.088356737  
3.169774874  
-4.832640798  
