-0.5617197705  
-1.623579592  
4.58494808  
0.5989152371  
9.023482041  
-1.984804078  
4.432554039  
1.250406392  
10.89792305  
1.279700534  
-19.14130231  
0.7553039654  
-6.731827004  
1.179642683  
1.002196454  
-3.493297115  
0.5870363189  
-0.8894355324  
-3.030202335  
1.923506925  
0.05237024515  
-7.145201149  
6.351312529  
-2.17240638  
-1.505732548  
-3.32267901  
31.62051149  
1.201849215  
4.460441849  
7.747518122  
9.768384071  
-1.342260821  
1.682041455  
-3.540925208  
7.771092025  
2.59324352  
-7.62564445  
-9.830854351  
12.32945519  
-8.659292925  
15.94228214  
9.362663058  
3.660028655  
-9.253108613  
-12.75225727  
-5.125831651  
-5.078085303  
