3.281309242  
12.12789391  
4.838511712  
4.702758963  
-3.032039465  
0.7687678965  
-0.1771050042  
2.970032176  
0.2499561662  
0.723583859  
-4.481096661  
4.701469241  
-6.324287997  
5.28803318  
7.669891036  
5.693021779  
-3.261406381  
-6.108256159  
9.971081812  
-1.949540506  
3.705335772  
-3.275220715  
-0.05342340017  
-2.606775417  
11.15944736  
-0.6354329533  
-3.777567128  
-0.7817787615  
-0.6650101403  
3.465530737  
-10.28532736  
4.030987507  
-1.954688798  
-3.466824635  
1.967745337  
1.333624837  
2.505568204  
6.07371264  
1.024982361  
-4.849224065  
4.064604827  
-2.221042318  
1.111605418  
25.26154599  
8.962467306  
-1.819708316  
-1.525446409  
