1.092521578  
1.664382681  
-1.092562077  
0.4055638362  
2.330236311  
3.860734351  
-2.189473019  
1.712999756  
1.408868766  
-3.320919865  
0.01943815466  
-0.5803553296  
-0.3112384508  
7.507299375  
-3.830259545  
-0.5963868743  
-0.4769139408  
0.4709571505  
2.813388778  
-3.314880452  
2.52610426  
-5.871135484  
5.689334375  
2.023674222  
0.3438018841  
-1.513908757  
-2.686238803  
2.97981518  
-3.426800783  
-2.122170568  
2.421114227  
-4.142668834  
2.272767364  
-1.726963466  
-3.659596652  
-2.769748778  
3.551157892  
2.050387052  
0.8268841655  
-7.7157126  
4.732911458  
-4.191183047  
-1.348425357  
-0.3649795743  
-7.288299484  
1.139567898  
-0.05311912417  
