-2.874374967  
5.420141716  
-4.51018662  
-2.54127225  
-2.094925851  
-7.346891473  
-2.172320412  
-1.840549178  
0.7694939608  
-0.2349241659  
1.600976129  
2.805131748  
8.72246761  
-4.93374768  
1.074932855  
2.531740718  
-2.980396501  
-0.3405620599  
-7.354690928  
-1.013517956  
2.029144837  
-0.1464645059  
-2.645557256  
-1.996982029  
1.198205148  
-1.557945399  
-9.075453971  
3.141490617  
6.493703604  
7.928544438  
3.273254239  
-5.460245928  
-1.177109161  
-0.9836965033  
-4.758039721  
-2.886956657  
-1.948867971  
0.2275720836  
-7.886904422  
0.245727137  
-0.3784388064  
-2.155691938  
-4.394828946  
-5.125702357  
-4.891229107  
-2.410374736  
-5.729460879  
