-1.549297382  
8.450066176  
3.035599509  
-0.8584654443  
9.181014716  
2.518765088  
2.436721234  
0.8774442505  
-4.838098175  
-1.133318946  
-6.044873257  
-1.089013308  
7.688318956  
15.18105821  
3.079142222  
7.493999692  
4.183195139  
-10.21356883  
-4.630770861  
-0.932375941  
2.829423192  
1.94908004  
5.596471792  
0.165506869  
7.842852184  
2.398486778  
-0.8403646817  
-0.9655860508  
17.17512195  
3.518238886  
3.202820731  
-5.9232833  
-0.02789179532  
4.05523321  
5.257299402  
5.17428362  
3.559915343  
1.852080996  
-5.626268496  
5.37882953  
-6.045912422  
-9.200376445  
-3.764556027  
22.16906637  
13.8404377  
10.5232523  
3.404091782  
