-0.3429082559  
-4.993574885  
0.9123961695  
2.792016663  
-1.563345881  
1.03743037  
0.9009985924  
14.3045498  
11.13646453  
0.512166114  
11.2925273  
-3.431736022  
-13.06247197  
2.259279091  
-6.467643803  
6.585807029  
-0.7263810601  
-4.152903771  
-6.74023321  
-5.975194906  
-4.337796299  
2.382114001  
0.03436221182  
9.776371096  
0.2266496352  
6.031870201  
-1.823253793  
-0.2000941438  
5.309244955  
12.08286657  
0.01057919047  
4.966949638  
-1.491086105  
-3.908675218  
6.761157409  
24.39047897  
-15.4554938  
5.253362607  
-0.2615289956  
13.24822261  
-1.326521915  
-7.824521979  
-0.5211211953  
-12.24309656  
-2.811547464  
-9.89805855  
3.568891758  
