0.7814231669  
3.564063504  
7.953700088  
-4.564392767  
2.079143938  
-2.286008751  
-2.158972211  
0.3220743552  
1.704055379  
-2.518199279  
2.465556499  
-2.791663261  
1.976804487  
12.77197338  
-0.5155208872  
2.818638063  
0.06016971776  
4.854036506  
1.351193736  
1.342317125  
-4.178386284  
-2.047611091  
1.591642222  
4.034690606  
-1.082707667  
-0.1604618269  
3.742649995  
2.64125322  
-8.104261705  
-6.285564978  
-1.387875045  
3.854245489  
0.4242709107  
0.1534085437  
0.2801882441  
3.426176458  
0.2402514217  
-2.162985878  
-3.043577452  
-1.438875374  
5.163818702  
0.929264733  
0.1568453275  
-2.479186592  
1.412144796  
-0.8673027725  
-0.7078747358  
