-0.3412528009  
1.093933606  
-0.1405768216  
12.76109558  
8.682470289  
3.775743486  
-11.07628376  
-2.556923045  
-13.22407143  
-0.1503724282  
-17.49346596  
-5.230593236  
10.52277395  
26.88857392  
1.883025488  
14.44570897  
8.582198999  
1.442229777  
-12.19316119  
1.583814949  
4.072646554  
13.75362371  
9.623423238  
10.77028624  
18.67232232  
1.945356446  
9.356397672  
-0.02514191744  
1.07531005  
5.799932406  
-9.949714979  
-4.808374235  
-1.548353709  
17.82836963  
16.70204253  
15.38762278  
2.629729449  
10.0040247  
-10.0100759  
6.318925014  
0.1115730236  
-6.67233441  
-3.623917848  
26.15713656  
10.44035325  
18.05332742  
4.566203365  
