-7.672848701  
2.704321242  
-0.09513430697  
-2.898152954  
1.386301109  
5.260875975  
2.781242111  
1.536905552  
2.523212677  
0.06801591681  
2.283558512  
-1.102449416  
2.195624448  
-3.249906356  
-3.250614332  
-2.757787421  
2.165911634  
-1.526489603  
-4.145126285  
-4.947108269  
4.446765923  
3.373251616  
-4.916954962  
2.750999308  
-1.219959291  
-0.7326696508  
-4.870637891  
1.796057075  
-3.548719774  
-3.149263365  
0.1395229951  
1.425873996  
-0.269971863  
-0.06658955125  
-7.596506652  
3.323384368  
0.4631636792  
-4.426459638  
-2.078473829  
0.2862782867  
5.973924391  
-3.859769166  
-4.545242603  
-1.38631794  
7.878927893  
4.494966158  
1.616206588  
