-1.216926174  
3.456514743  
0.3810714761  
5.966246296  
-2.517762069  
-9.125165068  
-1.350503679  
1.317359913  
0.0910237567  
5.917749303  
-0.9526772177  
-2.331562846  
0.1316465424  
6.180148119  
1.564428652  
-0.9287696599  
3.690105681  
-0.8754255521  
3.440543008  
0.7148601708  
1.220482067  
5.878046594  
3.445919963  
1.418489555  
-2.398464991  
1.833179712  
-1.969169376  
1.191297476  
0.5330890402  
3.638063897  
1.97391986  
-3.775300207  
0.2375830974  
2.361585725  
0.5536463206  
1.304415061  
-3.055445659  
0.850812194  
-0.4245370017  
-0.1606353034  
4.656920289  
0.5586911008  
-0.94289581  
-4.43079275  
4.619682748  
-5.55334911  
3.906703522  
