3.843843097  
7.380958228  
3.064299653  
-12.0370806  
-2.256228756  
-1.836506896  
8.160632877  
3.251622256  
8.511051814  
-0.8328280444  
10.6183091  
4.055918917  
-1.71553679  
-7.302741711  
2.876180829  
-6.222786779  
-6.257024005  
-6.373287482  
7.808837882  
-3.908167884  
-1.229647005  
-12.2191811  
-3.351816999  
-10.35066716  
-12.13056974  
1.225214405  
-8.95402693  
-0.832952911  
6.321119523  
-2.456707953  
7.2449747  
-0.6662766168  
0.9298854396  
-14.13498998  
-16.52704338  
-8.384095238  
1.051412682  
-9.942313856  
3.672895764  
-1.520851557  
-5.857785615  
-2.540683698  
1.033889085  
-8.249979487  
2.894783989  
-12.65645005  
-0.8590352203  
