-4.680046376  
-3.115353293  
-0.2797067861  
0.3109930456  
2.598287365  
-8.797691068  
-4.322408896  
18.512547  
13.07926089  
6.062641289  
5.149083903  
4.231895702  
-6.652818719  
-20.5737556  
1.323873623  
1.621287666  
-1.68138781  
-6.723312726  
-7.864215747  
-9.974741664  
-6.858843252  
1.209323681  
-1.043952944  
13.03999953  
7.299707716  
-3.080931874  
2.664883095  
-1.196771906  
-2.589874533  
3.527536473  
17.56457084  
3.463636919  
5.706630121  
-0.515916648  
14.90411253  
4.473001805  
12.12462938  
0.6331613522  
2.738356333  
-9.232559943  
5.470806625  
2.732092464  
1.47375918  
-24.59699635  
2.144890963  
-8.203746589  
-8.02073594  
